0.560865141779
0.193039931204
0.31941786382
0.270500399522
0.386494015485
0.602354487451
0.40809539005
0.592144176928
0.491911316307
0.150343012884
0.307157739692
0.568104248409
0.332845228538
0.288864930995
0.343105255603
0.461663489955
0.27839760441
0.471327826323
0.219062669061
0.332785512863
0.550103406684
0.311188593003
0.41009964673
0.390279659139
0.866632912545
0.366753274014
0.603037837972
0.694516504596
0.632643435216
0.375775222026
0.38384458543
0.323328338222
0.540152825334
0.304823258778
0.769428683549
0.598540639089
0.815725574569
0.409616573158
0.43386187846
0.53188078171
0.604121462065
0.576290809555
0.342925551894
0.218449073223
0.678254369484
0.432033088033
0.423763057121
0.811959003696
0.311904799016
0.471299539759
0.528570761035
0.249137601503
0.492623990816
0.510415174357
0.554534224981
0.35900271738
0.355257062915
0.172219715854
0.428209826881
0.56092241222
0.300100806416
0.345535866314
0.852568540579
0.677447515594
0.430688631988
0.492520598157
0.408023254498
0.608861777935
0.58443991687
0.963276478389
0.52135374119
0.197870029249
0.837467041778
0.180346119208
0.314417056974
0.132949163395
0.346862606446
0.547398004408
0.785984298028
0.616941653271
0.424663725968
0.403160809615
0.372759660337
0.318553451828
0.51986311072
0.290000684055
0.275086268892
0.419997382095
0.541745178191
0.588622983051
0.569159034356
0.177760363795
0.875643293975
0.552322848851
0.447572331596
0.351923359129
0.335410835991
0.358678109237
0.873202494641
0.348622702069
0.425972439903
0.314743199353
0.38032827464
0.784130158371
0.411143410887
0.534513572584
0.850924367023
0.224418618
0.364289145147
0.225587236933
0.845057860734
0.317390585204
1.24055641093
0.447104399741
0.371433589026
0.877642640233
0.809392817678
0.616048629188
0.609566428669
0.719484463399
0.669316876605
0.360828922356
0.639309181229
0.661854183429
0.48984712198
0.471800924392
0.839589355527
0.35021348042
0.206220858448
0.309076355022
0.267079086564
0.698026523269
0.443236803413
0.290896002239
0.58884686053
0.387526703198
0.396851567155
0.724249622239
0.329098169073
0.421945084727
0.209843143747
0.471262808948
0.343290406714
0.292091259212
0.741278977619
0.347309746286
0.270944001101
0.604954703775
0.576911082132
0.521730956876
1.23610845502
0.519611881803
0.917493921729
0.792930073893
0.837074947786
0.373692240486
0.384959797677
0.281192383093
0.608714876005
0.264347004799
0.463965940704
0.165769732016
0.449525737441
0.442479167676
0.130083630087
0.227846305914
0.331596578504
0.410798247355
1.02910840553
0.880795723767
0.786548702343
1.25061808426
0.42114468484
0.46069662586
0.460313374699
0.355547221623
0.255116178643
0.609216610679
0.406908679201
0.669018849136
0.583904191722
1.22486904116
0.650899918981
0.309340260082
0.716826706365
1.2649475145
0.22788545869
1.0298496722
0.493774727238
1.07682428785
0.61309671375
0.282902138049
0.495196371742
0.635401805976
0.752813999088
0.466709731198
0.4432009126
0.279081365785
0.342129241413
0.342632684231
0.304963541679
1.00980737076
0.557891155068
0.840854383351
0.849092214279
0.378851821851
0.464848864432
0.531233793166
0.33439624698
0.3967778039
0.418294933589
0.224461994561
0.486091979174
0.450581493573
0.570932215042
0.470764383189
0.232726574951
0.494507972313
0.401040206393
0.410268537909
0.255917160687
0.556452289085
0.609279210635
0.529252936895
0.499399401752
0.193771340089
0.411992143664
0.260124762197
0.229217495249
0.520168369559
0.577534456728
0.462400386123
0.226277884948
0.274904519536
0.629803595378
0.511750957569
0.577410675714
0.707032098312
0.716865024425
0.202839242214
0.657713820752
0.212480828312
0.478719236999
0.474426999845
0.2110379379
0.507333079109
0.590625842656
0.338392078376
0.404940696758
0.328368763276
0.532825744685
0.397322653437
0.571503457484
0.656130657924
0.468401497406
0.405423191625
0.895972049761
0.553881919502
0.502828220166
0.379110834902
0.452183924709
0.253943645259
0.706749804945
0.668611137367
0.584585535088
0.271810433735
0.185817273308
0.457015380192
0.413467150215
0.650533937023
0.562829399073
0.398818368148
0.482914853491
0.467412175697
0.556529323892
0.133551123721
0.694061450353
0.245512619644
0.310687705639
0.538646925371
0.513632208237
0.300680994673
0.463301233218
0.478020741348
0.319249965723
0.20663078771
0.202384187981
0.230202942679
0.396401910885
0.216930233062
0.593139309122
0.61617014673
0.341346151276
0.553010556427
0.188478828053
0.823211792349
0.763853960864
0.88886740433
0.310814822492
0.39440642858
1.90717137983
2.08978558605
2.21696682933
2.08733300633
1.81982603272
2.06415320591
1.64806298913
2.01783003893
1.90178171099
2.03752968897
1.75420922005
2.09535296588
1.72109481139
2.22228376227
2.28509591419
2.08399747569
1.95642352193
1.76896520808
2.22685832406
2.21189257096
1.66022910553
2.45137239069
2.26521027814
1.94410428674
2.07383221318
2.00287317564
2.03159257977
2.22133437202
2.14301989611
2.51835444489
2.28435427423
2.03060339353
1.91165221646
2.14872536477
1.99075006073
2.03072764631
2.02041722016
2.3249166271
2.10085570659
2.1705854403
2.15332477093
2.43039890269
2.14887663036
2.02734629276
1.38174396716
2.48662637063
1.94954777524
1.65397254535
2.07484990725
1.70824717058
2.09893016825
2.16751170041
1.56883608419
1.78711564846
2.06868650678
1.69882231215
2.2732284267
1.67091681874
1.76731455997
2.03471664801
2.05915444595
1.90680590028
1.88161340936
1.2826525409
1.45031616613
1.81051156489
2.0086404552
1.91252310984
1.75825873791
1.93752197497
2.19455111949
2.53075885797
2.09993769815
1.86662492465
1.9948876241
2.01293499794
2.1558682465
2.33195962999
2.02689973098
2.78539070339
1.62839349451
2.2257100059
1.58429358756
2.21347859281
1.81702180155
1.7074462963
2.71752888588
1.70372153435
2.27589452314
2.0106987322
1.92975101913
1.79936554201
1.48139872321
1.78836004615
2.42547338971
1.59162903714
1.99867216507
1.9411611255
1.81686513217
1.7760997411
1.67037699001
1.9630748156
1.74084630602
1.74392279663
2.07846843576
1.77045896451
2.02304780384
1.6407110992
1.87124898416
2.00380036748
1.75355968648
1.81274261066
1.95904754991
1.88636790539
2.29503959805
1.88091223435
1.54563341755
2.12161995045
2.18518226762
2.05517863627
1.93656576813
2.1574877016
1.98114422357
2.09123324706
2.22230694629
1.64421480589
1.81851011428
1.86465542939
1.99622200456
2.03618450069
1.9872267949
1.66001213571
2.10556752876
1.91573754129
1.78563653014
2.29793947964
1.97415009375
1.6696861688
1.93597691684
1.97802234261
1.61809080142
2.23561404667
2.34745363458
2.49977783271
2.41259437982
1.74294971567
1.84427593189
2.35975851456
1.96770245771
1.27783589823
2.45372320284
1.64739058525
1.78801450291
2.21354987209
1.55028879602
1.65486187135
2.1267486594
2.10669246451
2.07622543315
2.33304669316
1.74519215974
1.62060272718
1.89995375383
1.74015357363
2.41337222059
1.83831749284
1.76268710186
1.75292692305
1.96965813305
2.07908955706
2.16764245015
1.71278523085
2.22887299541
2.0782628217
2.20823633799
2.89493395924
1.12892574996
2.06955681283
2.40015527121
1.89710351765
2.47258146758
1.378155294
2.24855532748
2.2411840759
1.88278545038
2.03765817284
1.76119620662
1.43385156112
2.52972747971
1.85219562098
1.72293006664
2.11758932293
2.25726160524
1.90015153161
1.85802448291
2.18432880453
2.21302645599
1.71860020309
1.69991828045
1.90030568841
1.77904860965
2.07379591963
1.7590443502
1.7685387089
1.69362659678
1.38879036071
1.7736243689
2.0191083486
2.10671725456
2.01018371111
2.1190577778
1.63348201915
1.6333852404
1.66820883581
1.99311661165
1.65167194997
2.01144881717
2.03622277176
1.79944532955
1.60123083218
1.59091034528
2.09567117231
2.07724163541
2.0855389874
1.63687658587
1.95759135566
1.74788178559
1.65510820386
1.98791480783
1.99731326779
1.98055519303
2.10640696981
1.50088239421
1.91023901667
1.75641151816
2.00565105608
2.44809772986
2.11892268498
2.17233254478
2.31147271582
1.8724279735
2.06671959028
1.46570714117
1.66613418045
2.37986367462
2.18066614601
1.41652974185
1.98654537694
1.9193114604
1.65352171188
1.2772259394
2.23809172378
2.275493585
1.78493936424
2.02134756943
2.07891260767
2.04266131741
1.70472497853
2.51047673311
1.58600261802
1.64827910085
1.75867567368
2.06685729927
1.5397726879
2.36542633934
2.44955042445
1.8762575038
1.84141384176
1.92913891836
1.9369263281
1.58032793233
2.21047442876
1.88910027314
1.39336273996
1.91626866893
1.48978065253
1.49519934059
1.6911592546
1.93250154387
1.76005112987
2.00746797611
1.98134548599
2.21008269643
1.48983649714
1.86175139586
1.40424378228
2.44535544488
1.9269945794
2.12451865301
1.7685041917
2.08980554113
2.12082704172
2.31508291077
2.05726177761
2.0725177737
2.02667415654
1.58185945725
2.28117883419
2.4999023606
1.82399709324
0.274289263252
0.328065675233
0.183239148055
0.277931283354
0.378461426453
0.799905250918
0.408576836348
0.56359863354
0.664215101048
0.378514020391
0.35183385184
0.213449463117
0.212191857486
0.186558565435
0.494108489652
0.37925301282
0.769348868898
0.569922767182
0.485993127433
0.709793404055
0.670941995879
0.396420371047
0.395213253509
0.474558708379
0.213028791646
0.898772716867
0.933895688313
0.538111831862
0.69954665666
0.858549378043
0.27864856978
0.545947989456
0.384620995888
0.70781495743
0.470019128324
0.420446002904
0.482554078762
0.708882172066
0.303136153541
0.401157102805
0.547026981376
0.462749516365
0.184381336029
0.574388881494
0.353210642804
0.39323588257
0.581500632855
0.209516217244
0.282309516619
0.728283444637
0.891246886994
0.551431996931
0.615114747674
0.368785291112
0.390327587254
1.16653722959
0.428516885993
1.07240509202
0.283818669138
0.691182457055
0.699017168099
0.733071803967
0.516153196765
0.364572010741
0.6087908432
0.210397943268
0.494540306749
0.754292672888
0.489076154914
0.466269690375
0.759115813787
0.644154331442
0.633329974798
0.478517282698
0.789942503409
0.524918795074
0.77423353028
0.715984940098
0.390648658177
0.197141042486
0.188001834154
0.274906518201
0.539904497452
0.448932635054
0.492388680594
0.583512713953
0.378223185287
0.282399746824
0.262557464741
0.299293368059
0.351128295226
0.45449233693
0.453314365282
0.397619293002
0.309618579586
0.730929288281
0.423139378631
0.447586241172
0.561312229488
0.503144535203
0.385592625754
0.240522038325
0.101946241091
0.242806640763
0.372769496823
0.234699776366
0.50471100609
0.371748475853
0.463854206538
0.510846705093
0.889693342057
0.428724270139
0.304804916018
0.400312252649
0.332259962979
0.773484944106
0.301070322429
0.205740140069
0.44210895868
0.487360358337
0.310778963498
0.44654098386
0.57512425076
0.595709305726
0.32585592575
0.175288848716
0.190040199755
0.181858537683
0.145464994387
0.658972024061
0.240341153456
0.921518988472
0.421939009761
0.482107141064
0.301387558811
0.597757864779
0.804250551054
0.536114399213
0.556430312539
0.821777586321
0.74165415128
0.343335086052
0.318947146376
0.301757820313
0.46258020743
0.241226199597
0.647480287384
0.653487542147
0.427767775873
0.562746805195
0.496917089231
0.590718466875
0.332334334221
0.429336599796
0.43112680888
0.220100243754
0.326021911882
0.423475236744
0.157976565507
0.297643399081
0.423001041351
0.518765009625
0.238869827153
0.38669741955
0.477302059654
0.389814015195
0.355655019055
0.614780089042
0.331306041407
0.61878888386
0.36652017609
0.283289776574
0.639050016482
1.35101375977
0.858885287362
0.21804686429
0.32081670936
0.719078607293
0.665056691455
0.288790546205
0.609145902941
0.457942886726
0.376785586709
0.33701744888
0.480689492535
0.570589236621
0.520859188099
0.580621969474
0.509497899445
0.278129153316
0.141641628589
0.39127361425
0.511778074097
0.429816867943
0.499242083844
0.453227911061
0.273237698955
0.317247038215
0.273313121103
0.598527785762
0.472086955102
0.38655858675
0.447283239496
0.522133946232
0.421327136171
0.425497860171
0.607945857949
0.287848716873
0.31258044088
0.454765668018
0.391468888497
0.23350003609
0.738652823065
0.424745322033
0.510869085199
0.557198060442
0.238598525687
0.623755266883
0.134288114386
0.46893458032
0.436956986767
0.44075073874
0.470290129816
0.270946524428
0.205641052938
0.195754329939
1.0081689156
0.589109206929
0.505071184065
0.682130677053
0.387238217286
1.04097004594
0.339541751299
0.38320414225
0.285350995449
0.760260036069
0.447248633271
0.394450732127
0.660959006503
0.721440868983
0.439976178115
0.992145636614
0.615721466006
0.574224172852
1.15841415837
0.449746306634
0.770852946929
0.484634142191
0.716433210972
0.487756699915
0.701982811265
0.45512497075
0.417214745487
0.282660530187
0.288193494405
0.54976942436
0.618373358807
0.565049267875
0.58207928946
0.761689381771
0.732280411058
0.501571501774
0.544845361824
0.248887880062
0.372396260322
0.375754153585
0.381177914117
0.657896747486
0.339708667003
0.245166979655
0.610651797128
0.42839371605
0.579669224263
0.427402647564
0.501405979827
0.430683073857
0.311820306475
0.263814830065
0.405121335878
0.6378607845
0.408370070753
0.675995309563
0.481301850628
0.249794083628
0.326767660444
0.401056561636
0.590743163845
0.435786071129
0.594843131925
0.352647692064
0.286552174848
0.407972389005
0.552982638166
0.269520429332
0.468677426413
0.327201508629
0.269625945837
0.304617466093
0.642547248872
0.652662122362
1.64389887022
1.9738564892
1.76998764138
1.63692623091
2.04156207495
2.04544602945
2.29385281756
2.06002514658
1.86368039541
1.79931310745
1.75025319705
2.05192153196
2.12789631929
1.78898802826
1.26115784327
2.05939858739
1.96190087276
1.48789046187
1.79947225403
1.67901472608
1.94858867509
1.79117982164
2.03808473089
1.87238558513
2.46536497893
2.14267852948
1.99858225578
1.92281910686
1.79182792084
1.77090061432
1.6227144392
1.80535768779
1.80176860271
1.7881417616
1.87530103758
2.19723193475
2.47408190115
2.31376462556
1.77850125714
2.23047802131
2.33374548925
1.61332332243
1.54210400377
1.44921513157
2.51138296505
1.83550443177
1.86203821617
1.85653184469
1.8721048056
1.8061987017
2.36915322687
2.13958173896
1.73777377507
1.6194248405
1.65498557761
2.05016092991
1.4973313931
1.98022892108
2.34577753535
2.35981192081
1.45255978983
1.63345096249
1.58382243564
1.59531305184
2.60830686893
1.92074708218
1.86958868138
1.90994984203
1.77593677539
1.7267219412
2.09750865292
2.14871705796
2.05939438617
2.45574181008
1.58678923068
2.39714159174
1.75314620708
1.98042048776
2.25851409377
2.00110876953
1.84096049353
1.45587050585
1.44355457615
1.92547186979
1.94828862812
1.96886144827
1.77919871073
1.88870581615
2.08948751184
1.59547095598
1.73010620715
2.34384049532
2.32677863383
2.09361541122
2.30899972807
1.96751749308
2.07891796534
2.50781357328
2.1728130486
1.88442380815
1.43238488922
2.15094328743
1.33149195718
2.12067210971
2.34645011546
2.22309525106
2.24869214909
1.57128869236
1.67106265664
2.0167289344
2.1381726229
1.4547587307
2.18661435981
2.01932532802
2.0199344992
2.1597298485
1.532504901
2.03698269732
2.28671903997
1.60870354594
2.12137322141
1.74951648952
2.11947242928
2.34605178714
1.89779402089
1.47539704855
1.79078378181
2.21770917214
1.97850070864
2.38464277957
2.7140795012
2.31141104517
1.96400955064
2.1966853188
2.42151692292
2.19929905263
1.83086718455
1.71695270353
1.77724174601
1.51836382695
1.99117895455
1.47720954483
1.49511253627
1.89781702981
2.03134288032
1.92696949822
2.47392334049
1.74020842881
2.06980068468
1.52824204442
1.92693506282
1.50429135283
1.85534179739
2.28445881974
1.85004592967
1.77932285474
2.06242680403
2.66432234474
1.48078819403
1.61841632029
2.09153981939
2.12028142013
2.54828863468
1.74732691028
1.84425283387
1.84030415617
2.18191089228
2.36231124834
2.13949060783
1.9971220235
1.87747717648
2.29271628562
1.57273115606
1.9796679807
1.50615671391
2.35860294331
2.12719488678
2.19221973943
2.08490899285
1.48422435533
1.53831214812
2.24817491706
2.25791656711
1.92899114134
2.01110906586
2.23173654246
2.11864226668
2.20522918295
2.16922803106
1.76963148508
1.78530148754
2.45095076787
2.32371960496
2.00180487944
2.37850176816
2.39995248978
1.38896112203
1.71567022115
1.77118386473
1.6935370172
2.21082114186
1.76302587105
2.13190875565
1.80035010866
2.1287312707
1.92140039267
2.06189761169
2.24937141258
1.92712161122
1.92846672643
2.16773559318
1.83062610722
2.29061179961
1.69144755732
2.26297755592
1.85618680405
1.52494502223
1.80746855348
1.7731305457
1.96346211003
2.01403462468
2.06320140022
1.81025709424
2.52673081041
1.61430646201
2.06162049708
2.30083584669
2.29080624255
1.92483968907
2.08014776298
2.19733722628
2.33170851049
1.33974385595
2.56781733263
1.72009329057
2.20054618864
1.43075854722
1.60011978831
2.17198149245
1.56198677226
2.46466224062
2.06196456595
2.32445329241
2.06204128217
1.52250536776
2.13558885906
2.11793212356
1.85065904589
1.71235996526
2.04590152039
2.21550523558
1.93222800334
2.16149211292
2.04483608716
1.76431798787
1.8497307889
1.60095835179
1.91559575592
1.55085334557
1.76022824782
2.15197165386
2.01360104668
2.03469408021
1.94049195296
1.87128006766
2.36858736151
1.76584376416
1.97824994033
2.06956747621
1.96638448484
2.46462066429
2.29291463875
2.14284649562
1.67275297712
1.82678006071
2.21887821698
1.54191726584
1.69827218265
2.40473153641
2.06088775664
1.76478638004
1.82938933413
1.16838191315
1.77320155074
1.81691451896
1.42235154336
2.19470497761
1.8228582115
1.85303748817
1.62445530562
1.68337988701
2.01762787478
1.8780660968
1.50888891285
2.50090999589
1.93255046765
2.31886505687
2.13296489217
1.9998364943
2.20538923959
0.523616867956
0.442213874905
0.403324827716
0.378113901215
0.393086623418
0.738897980822
0.610575030046
0.120369827044
0.710870175351
0.458741955964
0.208318573022
0.305902977291
0.366556598859
0.599390989478
0.591957452799
0.531294999733
0.644642658506
0.537101884088
0.226447785593
0.204791233615
0.269332553456
0.741241753673
0.437460329503
0.762771485897
0.177781732022
0.3561886293
0.335091254443
0.720465982031
1.07777900407
0.891424321757
0.758363952304
0.490807075776
0.435348684507
1.26783355182
1.00945726377
0.692736311163
0.773878011732
0.416319544983
0.407451186491
0.478561529325
0.401625001754
0.205550506198
0.336263582188
0.162087343505
0.545044122452
0.933690591866
0.441275094191
0.551215435352
0.396580744408
0.417217417312
0.598397299901
0.570426814271
0.351976956723
0.376646365553
0.667533165174
0.545413009
0.512849457693
0.404979021139
0.306785995816
0.55914034224
0.432722372815
0.457858036715
0.383194124254
0.238001889813
0.367334627675
0.484178101422
0.520108748069
1.43964152039
1.11640492819
1.13328358377
0.940051208218
0.714243553647
0.537659257118
0.767815142594
0.840583155915
0.535117002056
0.389029677372
0.460670043942
0.383260736513
0.259831339222
0.279957743259
0.192373243344
0.370745581186
0.390927375405
0.325827162284
0.436148167234
0.49662266266
0.344279899621
0.489600159559
0.737813607069
0.615857160753
0.382842055642
0.397241932686
0.440066365731
0.422400832313
0.517750623101
0.547693847994
0.469548390535
0.447720273864
0.693546367683
0.276131258321
0.670713122673
0.2223423682
0.477060172394
0.516968477511
0.438219028032
0.429465629387
1.05700392069
0.163346374693
0.318284787954
0.460440837556
0.388189976198
0.186431403899
0.17729688706
0.273756726243
0.267861587878
0.348992740711
0.246987803487
0.46588326035
0.373980508019
0.465570738025
0.404134433429
0.562471202183
0.259648902514
0.705820556549
0.75098753292
0.677644959688
0.718629309165
0.506782026459
0.783219529553
0.400327084072
0.73802666352
0.264068778675
0.205083432257
0.207288741056
0.593888307804
0.820632584939
0.216932479521
0.922100605251
0.308079737302
0.73813348363
1.1180803943
1.22197718698
1.07615855967
1.3203921244
0.566768439325
0.677214601443
0.167408752323
0.171689807344
0.4989979948
0.522316063425
0.36528586373
0.839050747176
0.774696656777
0.283664016785
0.321908982858
0.326572691525
0.208352896182
0.659992344826
0.357183537955
0.700433863538
0.551488747822
0.422651065595
0.0606784139645
0.441126084338
0.319466598116
0.233636440947
0.234315484229
0.216325619828
0.316312615485
0.606532175358
0.625670905823
0.620363062476
0.553820786607
0.307013798435
0.430503006453
0.357122617798
0.350629768096
0.300532987305
0.745311104659
0.191716755827
0.608512790856
0.213426242052
0.645905381587
0.356189288144
0.410937550535
0.191845043634
0.32963437397
0.722150780723
1.00922827621
0.195719315082
0.50795458357
0.592270239786
1.00751235368
0.811099093822
0.926997108122
0.313367750844
0.6300093529
0.413783686627
0.244706047211
0.475406175778
0.340858537639
0.462328655938
0.845793868809
0.263617439098
0.460971839257
0.462453757473
0.484734585632
0.464775806179
0.451806159656
0.563430313815
0.52566116589
0.28975328606
0.836334112224
0.152025637435
0.140784477279
0.692698994902
0.467151704364
0.595579701444
0.94558878364
0.798497946154
0.361559517773
0.528241609974
0.402263851365
0.434139575827
0.270127666706
0.818175612011
0.395412559103
0.269453053461
0.478214560062
0.567454361711
0.647871098355
0.436450166912
0.394079996196
0.611761828442
0.288240723095
0.480431177712
0.396195136852
0.892218286235
0.183054432865
0.356277531797
0.585341870259
0.550702952611
0.745273469842
0.600140964656
0.487817744013
0.58757283808
0.732106613267
0.80493254231
0.410725544716
0.86486977901
0.781818487331
0.413866023687
0.511061161361
0.284589039586
0.221080426642
0.639205496007
0.136362055169
0.362427201909
0.363048254742
0.239930330436
0.794600857666
0.445213889754
0.831972585377
0.537074166095
0.697052758282
0.322030863224
0.753645269432
0.405503488476
0.327241959818
0.288591431575
0.550857719936
0.200666864081
1.02529195868
0.293210686545
0.350562712408
0.290695996752
0.195730656533
0.527398071909
0.42757542262
0.673969209369
0.493138830467
0.321257433377
0.361168070081
0.83387343984
0.736905906048
0.434054698004
0.488822365431
0.306719921174
0.317238316178
0.217121683898
0.275597642802
0.481080235792
0.236307190168
0.405087937756
0.477947259449
0.171540930081
0.232809792762
0.531665635393
0.619653909703
2.12351012079
1.96427568524
2.12165585229
1.71647698889
1.7503046774
1.9065168769
1.97066893683
1.8387452029
1.72253536059
2.08104630789
2.29528489325
1.93001811271
1.78083587808
2.17440764269
2.06947632984
1.90999316091
1.57382261418
1.89234193735
1.9882450351
1.95845193665
1.90449707693
2.24651318417
2.03040311048
2.03681001979
1.53413331207
2.3382402955
1.62611051208
2.14303163835
1.64545665615
1.39956591091
2.72721248821
2.47925871603
2.13844323422
1.87737741506
1.98541040507
1.62030980174
2.13122071288
1.2484681646
2.12040813298
2.12780288172
1.78701730878
1.6674904534
1.94900435883
2.29649420609
1.86093090965
2.16757167492
2.09721942515
2.01698949746
2.31818871592
2.19843083287
2.5169940545
2.11970331381
2.39473210164
1.81757186569
1.64373829219
2.07336381139
1.81643060796
1.81413244606
2.06365675856
2.24349624128
1.76275500733
1.75245670586
1.87504432147
1.65517985118
2.32037171425
1.64247550007
1.91072995479
1.77010749078
2.17551853712
2.01402994556
1.95966832553
2.23416392522
2.49237278708
1.52617635971
1.98230409904
1.82561702019
1.69949047843
2.35684155657
1.9519864628
1.52627950141
2.23797731391
1.83249692438
1.68922017638
2.02920566524
1.84216864212
1.97268916112
1.96350151687
2.14761029538
1.98554630487
1.9608079941
1.63167430094
1.81422248954
1.99065541627
1.77562759691
2.17217558165
1.81332972628
1.88244437651
2.2591634652
2.18662676917
1.61300686911
1.88156001386
2.17518334723
1.7279535359
1.17198330187
1.4416410147
1.88813100565
2.20699023071
1.21001396216
2.16602195029
1.81335488342
2.32789294935
2.25078123099
2.34017239236
2.31849156926
1.83942079898
1.90364077862
1.83110207162
1.95289649406
1.39686066972
1.10140300076
1.84998224299
2.19634797766
2.07832885263
2.09602616914
1.84833924595
2.27467546071
1.80670628219
1.96438820603
1.70858006249
2.04806132784
1.7310240962
2.11552821051
1.4885308494
2.29160653162
1.89893400846
1.8677065605
1.61874969051
1.6800569972
2.34681853311
2.15324279877
2.71260995032
2.43647202321
2.31424017718
2.16825883596
2.27391434112
2.37636246843
2.42790017035
1.96590030821
1.69573127196
1.99633988322
1.99529914151
1.90794490298
2.22960738327
1.96433929825
1.96606061589
2.10187724457
2.01614146899
2.18426671011
1.96024073663
1.23731345747
1.65959629801
2.04379505134
2.23771298183
1.71808128102
1.89388559576
2.14679442034
1.94091466036
1.7096341334
2.2900606836
1.80263741576
1.80132525991
2.01544953015
1.48030451157
1.83080839566
2.26846736428
1.46374412411
1.8903845659
2.22380355936
1.9762508967
2.35884851255
1.87325529936
1.92764630772
1.90082657705
2.41416997871
2.36629112932
1.99858605433
1.6219015644
1.86238597911
1.60960271724
1.73403438829
2.1519627326
2.35886847954
2.23772590734
1.73021772322
2.26311901614
1.88177631778
1.66838092102
1.4337552
1.91783984
1.72837334662
2.09990503318
1.67485297981
1.83581041288
2.08149650454
2.22816385474
2.17608542829
2.01177254547
1.88884948248
2.41229810549
2.54278655893
1.89098755236
1.99686792698
2.02040082467
2.13899182727
2.05001067243
1.64138919623
2.23190436904
2.05502442727
2.11371214539
1.90636682233
1.85277664531
1.29820697161
2.18783992555
2.2520783431
1.94959397141
2.086140115
1.36020678186
2.28419846713
1.93277629202
2.00568694071
1.90475285174
2.29989759065
2.11674873072
1.96945098678
2.22400652508
1.99415207877
1.92618338942
2.40375740848
2.02506071918
2.35582877023
2.2137390542
1.91806034073
2.0457383857
2.24954587686
1.90512952517
1.80977383772
1.71326026766
1.84924173731
2.09376907009
1.56370360978
1.67471501933
2.02539452417
2.23794801303
1.29605352006
1.65526552604
2.1253507137
1.97545261788
1.60780652078
1.87038669488
2.42345577395
1.99293793773
2.32202289917
1.73078321908
1.88570362038
1.71902326923
1.67671030628
1.98289688102
2.10416433268
2.03723943827
1.85853514737
2.12762655484
2.02498601605
2.45092542486
2.22071329541
1.86442036774
2.2944679661
2.1817718865
2.06952776296
1.92556124574
1.95618769614
2.27271854754
1.73902402237
1.6486031948
1.58456840353
2.48949885529
2.15605594995
2.22781354459
2.16267212349
2.28359987417
2.11098312617
2.34215929305
1.60601258904
2.24559228427
1.59800271015
1.93877181216
1.55420039529
1.75091433575
2.21988320541
2.19487125725
2.35677952198
0.479643214692
0.751172066812
0.62033149589
0.514543906274
0.943047459887
0.382217741134
0.494238063477
0.482490978205
0.43711033127
0.30723242194
0.613062098364
0.50725607177
1.02569814057
0.579322937929
0.381350545605
0.437032661071
0.346341940344
0.910832430546
1.01471924081
0.569323249146
0.788123258715
1.13901130373
0.405131170136
0.343207324051
0.233579138863
0.323010507567
0.341382363522
0.53504437622
0.26362953541
0.741251526123
0.621479983069
0.632358862729
0.448427381963
0.714873227597
0.569379004353
0.663596968078
0.450243311031
0.378211060773
0.742713281587
0.225763766245
0.537410553231
0.209904691311
0.765485049653
1.04565318953
0.306040420726
0.401858535046
0.457675715917
0.154707236261
0.653664177067
0.455427292874
0.362456229842
0.8733233392
0.183317902461
0.759968803737
0.354256876012
0.744528480497
0.341090647816
0.400742438657
0.381877560265
0.286453010484
0.302803275028
1.70100382348
0.55678148754
0.470051775883
0.668701886646
0.440086732403
0.294820123651
0.353696103787
0.21981265604
0.69972422694
0.287052900703
0.959741871427
0.862703076615
0.820906555486
0.864588671411
0.695254898632
0.314586300926
0.496529080513
0.839610039718
0.683358407283
0.723181938213
0.763170924721
0.697924876212
0.493004385928
0.213475341399
0.217122779936
0.479939508276
0.842597031497
0.102184311114
0.10443837829
0.0763599206476
0.360377329647
0.42150619042
0.201145437199
0.815247503785
0.383074573517
0.315622218776
0.642589470874
0.739284707674
0.824267220259
0.994339812541
0.0804820257973
0.199387369178
0.815195827633
0.107616600899
0.303183344365
0.745904018655
0.602574045446
0.260637210396
0.841977618556
0.580513449243
0.737851575473
0.803411081038
0.674566939882
0.709699331489
0.389450003595
0.256235208822
0.782629025281
1.30973910804
0.960278322893
0.33432693412
0.283437670605
0.762999527187
0.63040271636
0.538757978661
0.613929205276
0.395855995846
0.55123045118
0.844373918211
0.44802696522
0.485192361738
1.30816448042
1.13866432266
0.379890819806
0.314635966958
0.337114051513
0.621993812896
0.513377981989
0.719358286046
0.223090413331
0.431547233714
0.571443147115
0.341064443797
0.515395659423
0.674940197608
0.217856390688
0.325330525171
0.934103455536
0.611825000598
0.785883970996
1.00000916893
0.547280162815
0.318417325578
0.332982737329
0.137316712721
0.322675063485
0.470944981289
0.833191819734
0.543468319911
0.244530249479
0.534255121301
0.254704758656
0.636425428154
0.317430752471
0.53747928467
0.557887225842
0.273562942313
0.839779241214
0.717846536989
1.12507303415
0.398405342086
0.519279463598
0.447857800916
0.495534790492
0.516728375547
0.506338158596
0.458399252719
0.371231890824
0.775382604545
0.895994952682
0.82428519467
0.707642441444
0.289646639091
0.248019287587
0.121889436143
0.0711925400528
0.555699762584
0.355383746938
0.735170797103
0.415622859782
0.735632392374
0.426262597931
0.408562245816
0.311498749305
0.340607320173
0.533305047343
0.667393494093
0.323910812873
0.41591263661
0.254701530167
0.636514940701
0.154109191516
0.337330602932
0.268752051196
0.57808487471
0.468434097336
1.47184959828
1.42550789474
0.902980436121
1.52350120683
0.0549762974417
0.451862435742
0.373158234759
0.240256029503
0.205139595064
0.553773857088
0.558641844269
0.495662583882
0.80196561957
0.775965761973
0.636289882654
0.662633361646
0.496155316863
0.564647443145
0.502521736868
0.521527093603
0.538977105761
0.361241884058
0.43906823148
0.248749760793
0.853487102646
0.734206075617
0.0802504740251
0.334723027424
0.364778752801
0.377925442318
0.503382199764
0.360993741102
0.501803496112
0.426206746009
0.638598570083
0.733105160771
0.969908489971
0.631679502887
0.669692460274
0.390221138026
0.503557488961
0.37798130975
0.544715396502
0.353670697899
0.48411303071
0.51758313664
0.575082078513
0.211236823149
0.739455191538
0.984981893566
1.20443090863
1.09410937425
0.238864379313
0.399609092616
0.280772802497
0.383692437972
0.101004277386
0.320969458794
0.563050021421
0.693579546014
0.25728291463
0.536415875164
0.411711272833
0.615031723942
0.566335469043
0.565411183639
0.687143077322
0.420376707065
0.37574215585
0.488087886982
0.491492420339
0.374520686162
0.166013458004
0.512006493047
0.663251776171
0.782509723823
0.589411113394
0.394223806749
0.359104014117
0.276520602332
0.326216980179
0.299429281328
0.569317887039
0.283843784866
0.195822295147
0.0923812949865
0.41132077
0.395232582836
0.222803373659
0.524299038495
0.482266834409
0.271420405299
0.462033846744
0.509652338972
1.75564992064
2.11079895582
1.89402109011
1.84004347462
1.80328380531
2.05209473491
1.89687319575
1.69179258229
1.99558982382
1.90337275838
1.74829060037
2.27930273829
2.15231348907
2.22056571729
1.97773706342
2.44097602019
2.04142215543
1.77415909494
1.50351936997
1.68422044929
2.19660620462
2.22293021976
2.00319281262
1.82087731175
1.76702293162
2.4810313343
2.05944771994
2.23124304882
1.94924408113
2.27949701215
1.84750917003
1.73011430128
1.60120469106
1.61549409419
1.39477149514
2.04485705504
1.48971192044
1.87554510178
2.0982238762
1.46643260285
2.40815804533
1.99175438484
1.52591426728
2.03983197955
2.15688663486
1.98993544897
2.36954509129
2.01872933276
2.07324742491
1.70427155802
1.92239399898
2.06578112707
2.18473205993
1.25187878241
1.50180470808
1.76909567779
1.64985275336
2.295748739
1.60947730083
2.15629372607
2.22353462819
1.68384370531
2.14094286913
1.66323282886
2.05211642615
2.07042320332
2.46183275435
1.51072945807
2.09917260251
1.88096692216
1.71807156746
1.97851143257
2.29207346712
1.77529560287
1.95018549187
1.94514084712
2.15625278379
1.77206632782
1.85234899627
1.98750810968
2.05336858496
1.90048494449
1.56934510964
1.77270461726
2.19024699724
2.16547989985
2.12784685557
2.19345713762
1.67695137729
2.20660603878
2.38886235842
1.86786784422
2.35370389944
2.00094509512
2.11438161056
2.20818965119
1.51547248647
2.24851711245
2.16100658333
1.69336377927
2.20884169294
2.17315626796
1.95305386147
1.81281686489
1.49388409861
1.97244814363
1.76724007605
1.8782046549
1.93523337427
1.8142215647
2.08035236874
1.58795544438
2.2939014758
2.30454159549
1.86429092854
1.84685126759
1.75008696505
1.75777068829
1.87083872231
1.74559568224
2.41611641785
1.83665451662
2.41320641038
2.10169981842
1.39460980368
2.27828525192
2.01813689484
2.18389857076
1.7714770005
1.7349880463
2.13506912932
2.28856117603
1.80764632569
1.8209514745
1.72089002747
2.53774583388
2.06284047091
2.04479101179
1.68968928798
1.57847653848
2.22654307606
1.72635770061
2.09086022817
2.22555385852
1.95906895684
2.11316182541
1.90421253829
2.36059982641
1.65344250969
1.27959851985
2.07722324524
2.07355404527
1.94858932595
2.14334986866
1.34296739553
1.9344084107
2.14022434977
1.78487838786
1.80118405814
1.92622595595
2.18611461151
1.92816505214
1.94836463273
1.999824181
1.93453585581
2.07583756277
1.72763489385
2.28536831345
2.4118490969
2.05081779404
2.07547269023
1.84451226897
1.91843844903
1.82124589899
2.35993418515
2.05335723549
1.72031425339
2.10879582821
1.71179120208
2.20956729108
2.43469631769
2.1037909826
1.72395889069
2.05025797395
1.62752492982
1.77941546302
1.71599205827
2.04754902801
1.91489015997
2.07450011255
1.51712435068
1.86855295971
1.95855345653
1.60376360909
2.38174498304
1.92970222306
1.89035996118
1.43189651131
1.36560840521
1.75274203859
1.89103690791
1.97054915348
1.68313067729
2.20906763166
2.23505338645
2.27339658084
1.81013927349
1.85623347872
1.82421720143
2.1583509649
2.29389315106
2.41310920976
1.90018034022
1.82111530835
2.28906136589
2.01961809571
2.03820536679
2.01321819667
2.50416039156
1.84828758594
1.78440904878
2.0900517054
2.06944692951
1.91053805413
1.53108345534
1.76290633697
1.94359321636
2.01106640401
2.01988215601
1.94324200215
2.14475459653
1.65322564252
1.57711194098
2.18250452005
2.30008907822
1.62312347578
2.0848703081
1.64150509958
1.87350324396
2.31059178097
1.59788636961
1.80240657059
1.96266678805
2.36987125387
2.10183046357
1.89245962265
1.99677639861
1.83123804001
1.70097093207
1.98706663152
1.72910925958
2.38212803963
2.09648920822
1.77763352712
1.80883816356
1.50401098875
2.04393822948
1.94748108821
2.18812290607
1.44299011528
1.8248218253
1.8797675676
1.80204804858
2.07455926487
1.97994681484
1.64453043401
2.0513132008
1.86726198499
1.94277142178
2.06856913596
2.20287693841
1.72158409413
1.64627406651
1.57995997484
1.90176244172
1.83886288469
1.7325400588
2.17531512286
1.76355538083
1.87369446442
2.1260354291
2.05203604461
1.72013602173
2.24480102714
2.39471613996
1.95169967699
2.0590630607
2.18218873387
1.88090408156
2.0098925286
2.33568063945
1.95896976035
2.08414885139
2.22415194118
1.89227989396
1.38923117234
1.49993746352
1.8525866223
1.29851767052
1.84545532531
0.573099503786
0.487321556966
0.411241948152
0.553508958156
0.66268360046
0.394491731417
0.418398728606
0.309206171328
0.355536176353
0.419772246578
0.410867835361
0.832793224345
0.276467309271
0.39532663979
0.481382551497
0.56923069317
0.349433951592
0.547973462109
0.99906148084
0.694473265285
0.52535490406
0.276436162646
0.661218720872
0.473243820846
0.572897354718
0.596989853772
0.600549324424
0.561415688961
0.634317999017
0.502973819964
0.559823754417
0.302367187763
0.623944618905
0.781929210874
0.511332654091
0.200531326526
0.845526089036
1.31583461606
1.40364881087
0.767777035394
0.479864629099
0.704301647373
0.428979066848
0.752634549478
0.499684463185
0.530147553482
0.276742062026
0.260133229116
0.409685441424
0.454785090088
0.147024586465
0.549096850645
0.320111689055
0.365181870036
0.786908473891
0.596870769601
0.524338485509
0.218271774873
0.329565838796
0.676413611316
0.47465820579
0.548628638802
0.280759862198
0.60561014305
0.804229165932
0.448561928579
0.234460883744
0.798581000435
0.507667616796
0.966482133858
0.391470310046
0.395026189797
0.454568124228
0.301563593336
0.15473715649
0.337639506961
0.391147356263
0.260333688847
0.306276822754
0.323974138479
0.187858738114
0.678391269369
0.334151390587
0.986476492734
0.706387143289
0.433433335672
0.54907663599
0.375136230987
0.391976355361
0.454911255997
0.547970053487
0.678765221455
0.638685553979
0.462272706104
0.137587263655
0.532513093852
0.437469247863
0.406554517575
1.75334552472
0.685151923166
0.799716106174
0.532817705552
0.532974934828
0.595492459607
0.875470967296
0.701023459823
0.529911424994
0.930220373056
0.435803258907
0.507962212434
0.518950116424
0.448676249037
0.330754932945
0.482101274291
0.260424876571
0.508426337146
0.302931819918
0.214537977842
0.305009595428
0.656637684072
0.925810767267
0.884610954197
0.841761926716
0.466016358528
0.318804883331
0.233421679124
0.221538737336
0.196606275376
0.469499124919
0.276006556596
0.181002963068
0.379806044188
0.242182983043
0.746926657677
0.590615174366
0.497873352326
0.55124006077
0.707097553809
0.697573963583
0.658401793754
0.232659005299
0.578256542743
0.622062993137
0.47854011439
0.818774216417
0.573515876141
0.426640612937
0.368112896474
0.478193943512
0.316953855955
1.41071482317
1.08304463572
0.778900530537
0.469003795961
0.264955154909
0.473872133662
0.311883799734
0.374458900163
0.695162419218
0.601604271484
0.543247346463
0.22853509187
0.363681983371
0.321450579602
0.702934217406
0.451145527993
0.218536615537
0.306097124124
0.252885864187
0.378502196028
0.267022901678
0.1453395174
0.288085467126
0.800990206323
0.297575638222
0.538306102743
0.490388633162
0.380741113931
0.633157132925
0.162454720771
0.335228947309
0.469177568105
0.585399118061
1.13247048617
0.38593258276
0.304896445042
0.343812601678
0.497285776704
0.323170313164
0.458111240558
0.737175309654
0.493761928754
0.386140023634
0.58347385741
0.598244070581
0.592885747389
0.721320971429
0.472192274982
0.802001470006
0.58989353988
0.878037826297
0.512949359567
0.264827571103
0.295599723331
0.280295084748
0.755647387938
0.754990141576
0.343016789693
0.450473001141
1.49239919182
0.107505044805
0.375967338965
0.511831405109
0.335683000266
0.273748560294
0.590662810627
1.10086034935
0.545317266722
0.667350658849
0.427243840535
0.108635718573
0.140894406492
0.112595800681
0.652284779047
0.372895491082
0.63937667252
0.243252767255
0.658459448721
0.940238761572
0.310424067005
0.734208235638
0.394542520955
0.222287055644
0.332379338759
0.634955586454
0.268859462067
0.352525027246
0.486458009826
0.863148464709
0.460852539242
0.949425115472
0.567431144453
0.251865394393
0.299347751577
0.839905607054
0.351527738315
0.348585801289
0.556242936769
0.534680239877
0.574822112207
0.417679977693
0.500986036559
0.607422895937
0.421163040987
0.547778227086
0.260064387391
0.366098678386
0.27705967338
0.803685981105
0.966144333764
0.607772377649
1.35260986426
0.365943489349
0.258397494243
0.220152878353
0.304553197807
0.283293611021
0.260952704937
0.377664450526
0.849729298079
0.921828345926
0.331297595709
0.746331294407
0.892252537142
0.853052801812
0.904236416708
0.917498958613
0.518025430779
0.576296982088
0.228975173052
1.10082142499
0.0796057786918
0.111596008227
0.902530272124
0.517821541037
0.646451466191
0.406953847522
0.193730711102
0.475073467671
0.403345303671
0.705783936328
0.463345965683
0.360981468919
0.19352669093
0.355885247243
0.258852782021
0.276385450753
0.207079551813
0.968123062871
0.348224249481
1.95145770077
1.89859833624
1.72397928664
2.19305818191
1.79440193479
1.96968497489
1.73256678452
1.87074498571
1.65413569623
1.98325114018
1.26854705934
2.23069647824
2.10631050926
2.1857958246
2.08616864825
1.5016733362
1.46134510193
2.18734154684
2.04797618871
1.53687506739
1.92688730549
1.97429213915
2.24063672728
2.37037235091
1.84182019591
2.24632217418
1.58118467284
2.06389403449
1.52524888859
1.89304381538
2.47917414212
2.02700433943
2.16670106333
2.04410206979
2.31500967927
2.31303586472
1.72990420779
1.56049264663
1.59306210857
1.83730682773
1.95815417526
1.82055488253
1.8356930843
1.77158744668
1.88679118531
2.12159232414
1.29070210877
1.62660674076
2.11416446065
1.69840492834
2.10963385832
2.0235003367
2.14156468162
2.21831508691
2.35834615699
1.61446145068
2.05510316126
1.873005006
1.53184492903
1.54824303334
1.9444603506
1.625527031
1.72278029883
2.43565897175
2.12243872551
1.76881272885
2.36525489532
1.75693302184
1.93147359763
1.57233470512
2.1099373699
1.57245431881
1.30995088969
1.64243027655
1.6954985585
1.95634353211
1.61314066991
2.02923141494
1.29004584101
1.50030665843
1.90914804963
2.26844718821
2.09163650234
1.62637776151
1.98446443933
1.88882296677
2.01790543255
2.4160658024
2.4751576481
1.89203549387
2.05874282346
1.61238845122
1.74268286332
1.61419082419
1.7707497641
2.26103032468
1.75300891126
1.98806312217
2.14816242324
2.1552102975
2.19827784014
2.10648014968
1.97174420959
2.34119150454
1.59221398498
1.60145739664
1.91772477676
1.78874215236
2.35999769017
1.78790418132
1.78739810118
2.4079312735
1.91522392275
2.34053047913
1.57765115359
1.73631885285
1.74468460764
1.96683475115
2.1468763515
2.46453139394
2.10569570497
1.88464426879
1.81533426219
2.11387333181
1.56961858576
2.10375568901
2.1198222052
1.91099272409
1.93979387276
2.2215556047
1.81594120619
1.99807964165
2.08029387487
1.84221446742
2.13458201976
2.15218845673
2.15066166886
2.17198060993
1.8735424427
1.94486294654
1.70668745917
2.32909578689
1.90422899895
1.94551538186
2.54022625155
2.25114030137
1.32572760116
1.99377657225
1.83829336498
1.91907238993
2.39600901573
2.29003984882
2.45903759608
2.0960460592
1.56213574547
2.09404812235
1.96441725808
1.87188998923
1.77350163713
2.0241667661
2.23715233181
2.47324076717
1.77123576934
1.94815146063
1.79125860188
2.50897658596
1.65856530936
1.60374038354
2.49211352128
1.80188151864
1.7935582765
1.6025224778
2.05890481323
1.65597435983
2.17336761308
2.3971458251
1.8152133924
1.75046069971
2.04161731768
2.4653961443
2.31064514333
2.08997784278
1.76927982242
2.01512361502
1.37413253419
1.48118398879
1.97544336659
1.84835695423
2.12581397095
2.15261747657
2.12078460107
2.32439315368
2.10579152275
1.79397794661
1.52273013529
1.855723299
1.94393693295
1.60098682331
1.9138745422
1.85809318535
2.28474538921
1.67137626226
1.89883963739
1.59676180149
2.03814840892
1.60803027335
1.75511487506
2.00275240019
1.74098645099
2.12144681537
1.92532171168
1.77191158012
1.49771420656
1.89730222597
2.19177252425
2.27616495725
1.83824526324
1.85936983288
1.95130972042
2.11395189944
2.36637744031
1.81502649228
2.20547438259
2.4087889676
1.70643544063
2.05621756783
1.6355298981
2.45700576803
2.04965526466
2.10709004521
1.96807913463
2.35424993507
2.01726163651
2.34662311935
1.92710895576
1.60432117275
2.17951865083
2.10014088678
2.19109672844
2.1502881833
1.83996766225
2.34230116244
2.13233503378
2.6845401923
2.15577618079
2.3354980577
1.67755429536
1.79814767619
1.90780318128
2.03867508094
1.77321312005
2.46860207067
1.77023629897
1.91265844285
1.99519041272
2.12401478013
1.84069475229
2.13172141893
1.45442360301
1.61161729162
1.67754191179
2.41673479645
2.21589171982
2.1103773147
2.2175989132
2.30711141023
2.24156593061
1.595888793
1.9637009083
2.53221420481
2.31678053782
2.38212063389
1.9745710653
1.54811554597
1.75432935966
1.93503463153
1.86619161907
2.13654700916
2.22477914857
2.09485263447
2.05992302227
1.92348514496
1.58680107676
1.72501669167
1.45755691395
2.05596688211
1.99926720796
1.97889665915
2.28609607308
1.77166766467
2.27783181745
1.69715991706
1.60444631419
2.28297520651
2.27223085846
1.75726628835
1.75144038528
2.17349584907
2.12685379511
1.63775145426
0.683248410473
0.660230798337
0.477683745846
0.434440458484
0.294146063318
0.187079575202
0.389142144261
0.335554033226
0.360283804819
0.357070135219
0.617754683997
0.618763516802
0.737002979235
0.582683158607
0.140393205519
0.435012635976
0.617184122377
0.796890994443
0.217563431781
0.29671807412
0.39901067609
0.37076759657
0.162638518471
1.12317890182
0.719299876979
1.01371439768
0.518149149563
0.740511137094
0.804334691703
0.34751828516
0.792798851612
0.499600410731
0.283644103982
0.316630985384
0.389419029459
0.302540966307
0.316875241251
0.334495046366
0.442827037753
0.429059120653
0.394817546982
0.280767207594
0.187885223207
0.246358873989
0.314434012187
0.527771218004
0.409613263913
0.680100538414
0.596362584078
0.260225229831
0.251255947392
0.384466018533
0.231880641917
0.293253843688
0.510773913661
0.291554924323
0.161272041193
0.593880105786
0.394447703272
0.610185720836
0.475227878129
0.495149840142
0.573548690739
0.558058808196
0.55138518242
0.329712951743
0.250615198947
0.375771957745
0.626171108389
0.383339534643
0.810068193087
0.643807249541
0.33816804205
0.520444407099
0.616858763236
0.588050731114
0.428685386483
0.56574307033
0.175634710858
0.293682039035
0.391675751415
0.761367503273
0.705381711798
0.760461016656
0.57923226768
0.636254007357
0.522738388073
0.254429743514
0.170286544809
0.514816764682
0.478189042145
0.497544097038
0.404173908358
0.691902481788
0.47812748753
0.272687856819
0.417047215072
0.751516013693
0.816559482431
0.660436468365
0.787774610096
0.73868359158
0.943985566854
0.493698190812
0.749365214782
0.850478742642
0.606136537897
0.677143380323
0.633429726589
0.744276711344
0.598016501512
0.644051018793
0.894222257884
0.729287487423
0.742557273914
0.646699163914
0.257552695049
0.406879378348
0.645707647491
0.638310806279
0.576073928013
0.442682599457
0.32550513129
0.268722013763
0.420960262869
0.305171950485
0.320772703173
0.597953935996
0.572747288931
0.337960653623
0.49870779501
0.328386329615
0.614395363702
0.304837426582
0.355196259303
0.325450759346
0.322041729888
0.419178178777
0.447910130764
0.64947856918
0.395608376426
0.494258497985
0.435585153305
0.436837298177
0.533207814376
0.474108165664
0.256502630308
0.36110041071
0.62529527753
0.579002221554
0.629717036997
0.423428606504
0.396011288127
0.236262513371
0.880440556511
1.12050495045
0.71798640141
0.591075600011
0.275322154769
0.899259420973
0.821540450097
0.283446164553
0.249480193312
0.237101938599
0.468567096762
0.99924810074
0.546615270977
0.623337793019
0.537482797183
0.334113331739
0.441636063721
0.598038652521
0.620292748727
0.816976114607
0.485027537384
0.196612308252
0.526055242554
0.310996693487
0.276589779113
0.850259734752
0.46882380283
0.349258000952
0.731377750967
0.654888300632
0.417647736454
0.972427411604
1.05804283963
0.575071025637
0.616544000528
0.409189682061
0.407823419456
0.40878718365
0.58967629189
0.860983814226
0.326670098797
0.472761022066
0.441345350464
0.785507159781
0.815741468834
0.65137437601
0.828848158426
0.667343056646
0.36188165838
0.327256732902
0.113059995794
0.241325532489
0.537455852521
0.67864881142
0.654551587719
0.272616509256
0.370169748255
0.312117586012
0.323391845438
0.487149483918
0.0535540851716
0.0465785540831
0.209364082686
0.192874274963
0.371191687786
0.680873620163
0.526161073315
0.258814029127
0.410986803002
0.399913938577
0.503163315113
0.752107397721
0.724074894571
0.610724753757
0.226888613669
0.752645817891
0.111234517711
0.318569560024
0.432765206907
0.450148295782
0.116194100078
0.532780659334
0.20234664302
0.438114871141
0.51362779418
0.226563411148
0.24908977493
0.177260914603
0.15331668045
0.389090345175
0.29473095019
0.237688316848
0.609980808263
0.800063488026
0.14709073333
0.15178091782
0.305551293022
0.440228673096
0.400615581947
0.792032574591
0.672420965825
0.441286011881
0.391941674908
1.09596055594
0.385702390421
0.916400102121
0.562246496579
0.366885207531
0.242282117527
0.459456587993
0.469005101718
0.451782825165
0.447153806333
1.00234793844
1.05313946387
1.17607290835
0.938958532786
0.602379184962
0.321814348955
0.632313286635
0.551200172254
0.347862621536
0.434882694412
0.117823860799
0.239646276247
0.367935383484
0.474391905343
0.648298952771
0.672506205927
0.306191732202
0.618761730285
0.349681817472
0.648126932824
0.418842781801
0.613252652786
0.765506681838
0.801405574335
0.536964529802
0.410766169722
0.535347788463
0.758900808404
0.773408321017
0.391032339511
0.329230525089
0.280796387166
0.394840715271
2.5017072669
1.52532157658
1.51433901094
2.12084029358
1.77847306357
1.86923437495
1.89556958985
1.6174756248
2.41432168265
2.27827087256
2.2449164167
2.24979054991
1.84834935638
1.64644789396
2.35291828599
2.54035893658
1.86342737955
2.03272803797
2.00668717158
2.03211471857
1.83279039674
2.36071162238
1.23824547719
1.74921150639
2.1406042405
1.70858675263
1.93442075019
1.89477182288
2.00696286781
2.21586364862
1.91786009677
2.07377749278
1.60921026458
2.21788716808
1.04561569362
1.58352017285
1.759635683
1.86490568646
1.95585232466
1.52288640725
2.01836584887
2.3832451563
1.71764116266
1.81878755501
1.69450074216
2.3020794219
1.56955108864
1.96647565673
1.8318707544
1.8153645481
1.95152220647
2.15747693165
2.35106768224
1.60503468676
1.71489695962
1.9167880112
1.99286211621
2.16203840436
1.9452056367
1.57384302498
1.8659960871
1.85520941312
2.31344761097
2.19171949659
2.13647812754
2.19177603346
2.0309441926
2.00310920194
2.48876725812
1.77784925799
2.42810058121
2.032994966
1.94250403274
2.00444289978
1.29493939924
2.02672919067
1.95634213631
2.1007830278
2.14544790468
2.0678620456
1.98237727237
1.83723804979
1.98798064787
2.13137246343
2.4025705205
1.87989823886
1.73569293278
1.65883202932
1.94705845981
2.00993919971
2.05797653484
2.2928823154
2.24734581888
1.79190209988
2.40342651163
1.47769827929
2.33775884281
2.15387204242
1.65273749719
2.17591247417
1.9832779353
2.27048057057
2.15610298948
2.17565622594
1.88252805478
1.74670594981
1.96425352376
1.83127183074
2.03281080572
2.39593961784
2.07567892171
2.51815205599
1.65587360543
2.03808076664
2.02099065014
2.05081353181
1.58591061115
1.77756048303
1.79534501563
1.97656440895
1.78570079227
1.36548425849
1.64059209167
2.03846932561
1.52383315872
1.83715750448
1.92057139526
1.18272132291
2.27591705368
2.17538748797
1.99584218507
1.43861184609
2.22239297047
2.10412102326
2.27026638209
1.7755073564
2.28851983119
2.00667247078
1.7207912975
1.77943149296
1.64513812049
2.29305576395
2.27352922401
1.75281840301
1.89231400438
1.07894418255
2.09601747713
1.7629488496
1.72322375005
2.36502982262
2.32516184023
2.29385785869
1.69461718218
2.29166399628
1.47243047684
1.98830642325
1.80341704538
2.03258791386
2.85546680713
1.47590794558
1.70607061206
1.73440741578
1.81895524451
1.69588377541
2.02508122666
2.1508834541
2.03444058707
1.84084111605
1.87833110397
2.23019002715
2.29279838609
1.92036463389
2.21030280226
1.98262304559
1.52304846408
1.99421555347
2.35941566114
1.79137652228
2.17861923453
1.92063609876
2.25417193094
2.03122919144
2.36625756713
1.96231825996
1.66566616796
1.82596945604
2.03850283069
1.98562387306
1.7902763505
2.06033497774
2.060369658
1.68756989679
1.93975261756
2.21437838805
1.78537801079
1.80213219055
1.8756496113
2.15859405041
2.09195776831
2.20389796742
2.32709116569
1.61947942101
1.02444690122
1.59058341348
1.41380236105
1.77246729765
2.00641119812
2.02744266519
1.81401693702
2.32759107962
2.32667809113
1.8933401476
2.1328109513
2.31301236684
2.01164145162
1.74580630309
1.87534245946
1.74968187696
1.77476252125
1.99124707647
2.34689665894
1.34761130577
2.03455487791
2.1296266754
2.08514078011
2.1472085463
2.06272948332
2.04633534564
1.70998923743
1.88462015821
1.96420750006
1.85203568892
1.68975727412
2.24528490356
1.9043731728
1.86364611336
2.12244667194
1.43838752173
2.08461814023
1.76063965201
2.02300128533
1.78585964103
1.90402344127
1.3631634857
2.29886001239
1.74303279894
2.10637182423
2.13517878484
1.98117078464
2.28092846833
2.23041376074
2.14855427927
1.73182460422
2.02013169912
1.80983282495
2.11074195006
1.97272296813
2.36908024046
1.75470028777
2.00808336481
2.11695772015
1.79858560648
1.94809386374
2.15498913452
2.44874664129
2.2725417802
1.96500371396
1.97961681086
1.77954465728
2.22909610416
1.27013624504
1.69436218707
1.96849714208
1.71066059781
1.4989166008
1.62477416836
2.1890379732
2.07227949607
2.23600493494
1.71219374903
2.20079659658
2.09013258155
1.58753949844
2.62074228987
1.95287192484
1.79461410614
1.89098854426
1.56630025991
1.58069680762
1.72462330132
2.46217872757
2.08000629675
1.93464219527
2.02319137581
2.20630607555
1.99913861536
2.17973852629
2.0621376497
2.05205513239
2.37862387068
0.949033750635
0.711683360641
0.672103552538
0.53730466889
0.383078517134
0.482837219638
0.573279619222
0.699294501725
0.496342062002
0.244485460259
0.541452230599
0.418819615289
0.587099096077
1.04626909793
0.686267749593
0.36321183061
1.06732621231
0.313890125509
0.930143393963
0.468937574716
0.270348745376
0.447764071161
0.343658895202
0.262787620247
0.670925604819
0.360782912322
0.388959888815
0.577466647942
0.66465192135
0.720289215357
0.46159017485
0.365840673866
0.294116179798
0.885136469559
0.408958309293
0.395361998016
0.283982155546
0.57067106779
0.25336118229
1.10350144217
1.08890870751
1.4069351031
0.814729206937
0.697325673846
0.277083418509
0.357624271804
0.269930704159
1.19327476568
0.427447872636
0.500460208538
0.242246769221
1.14182164443
0.377558219493
0.678326781794
0.590762161436
0.473331551896
0.447880440301
0.239665932079
0.432712697094
0.108663180384
0.172044490444
0.665758793858
0.61332916305
0.626266166105
0.783745889608
0.334162773143
0.291264366997
0.226709078472
0.318549205557
0.558457065698
0.258256617906
0.29067556317
0.463648112713
0.423957820536
0.31706817366
0.244755851632
0.179476105113
0.19110143317
0.380583777407
0.815849759488
0.305612764485
0.172964960108
0.468370082565
0.170977943808
0.177037878076
0.297961944539
0.458534948398
0.383628104797
0.376365823241
0.70689127665
0.386415389682
0.659352999612
0.235387951368
1.09660259828
0.369671232304
0.532365969611
0.47828385584
0.465518845786
0.52429168566
0.386766864397
0.547959476748
0.348901609742
0.360389795704
0.442804318491
0.375175532552
0.253179087032
0.142615080892
0.242776325551
0.554248662537
0.717909343857
0.466458665573
0.878675852413
0.49458251584
0.691769237176
0.370278286761
0.358287202123
0.389600555686
0.449828379238
0.160157465032
0.444518772418
0.3270481379
0.325682473326
0.430615580383
0.261894495591
0.408302032393
0.351144182304
0.412730125332
0.208453312114
0.343894348928
0.332682646526
0.650080520566
0.205281372978
0.360576847881
0.576605967925
1.06311324912
0.603891431819
0.658984958388
0.243584163475
0.375307620106
0.322403623831
0.261572859596
0.674527526905
0.596220683132
0.543007471734
0.601154884908
0.412698857446
0.42688161571
0.229122845146
0.182722340216
0.20137716635
0.639169925692
0.599864111545
0.533046193392
0.59787792276
0.245700071867
0.165301584755
0.387924100008
0.209898762027
0.270282918336
0.0911364690623
0.407607953911
0.555101853491
0.463934479585
0.762691572521
0.443738322612
1.29461143202
0.314812337147
0.46721475414
0.3248517917
0.309894388112
0.276455395859
0.75479620431
0.700686863716
0.26537608519
0.353270426455
0.665615975838
0.544812594451
0.474358356026
0.318455800954
0.634795270876
0.509423890462
0.566639379395
0.451594306753
0.405093546231
0.801782204085
0.243393189807
0.149241837751
0.436238703166
0.736308925273
0.544733113853
0.219722715471
1.06784977308
0.544879756608
0.311057074451
0.385969324642
0.682271357791
0.52861930946
0.977796920942
0.41219701157
0.261792800399
0.432189980516
0.211697613623
0.638307028895
0.526214214579
0.642070031374
0.728528445641
0.303338158242
0.31982628915
0.266996975418
0.609120673517
0.561154619921
0.671529942037
0.406577404227
0.538230428908
0.20206169323
0.580941006358
0.524723931668
0.504764473762
0.458795206394
0.506198554439
0.319634436052
0.541863189878
0.257222778428
0.213710427463
0.389764878367
0.46878180146
0.466203753883
0.489535468634
0.561610675196
0.802388525128
0.570007631498
0.273546174554
0.331890039928
0.239166392229
0.200930722934
0.27415332871
0.399291513651
0.387900030655
0.277481751502
0.265012338501
0.446466261653
0.520556519002
0.379848418834
0.169130947803
0.464689130026
0.580266671147
0.353218425836
0.532269762802
0.411763452798
0.559093519827
0.553825625976
0.661176351855
0.199217372778
0.299248018325
0.469208802253
0.120990945207
0.610813963393
0.779859799778
0.495885288039
0.349514298815
0.200696679774
0.13927675405
0.693279123724
0.257310930747
0.754103660099
0.389042816645
0.339792887577
0.985962847467
0.52526141994
0.516133367706
0.58502058566
0.656760228837
1.04478530697
0.351818943625
0.378345315942
0.58988703676
0.312279931376
0.339043371392
0.576455311967
0.384784040403
0.358102307146
0.672387856552
0.5772269119
0.373874796286
0.484522371632
1.22192319286
0.845963655463
0.529170196233
0.389273029311
0.813954788074
0.865838108244
1.42915688078
1.54407264305
0.794324860714
0.301700160191
0.371914374495
0.418612407801
0.795937133745
0.249377072355
0.178337946508
1.98737161822
1.87042875058
1.67443044223
1.97396419811
1.68671649794
2.09895577203
1.60914755039
1.59547337254
2.33518833379
2.11740483967
1.9156558235
1.57787145164
2.28633683745
1.81799664964
1.59801152473
2.12214013077
2.39200795495
1.47291151195
2.24309371706
2.29246295098
2.05818260554
2.23811094245
1.87248813388
1.98625331447
2.12591198443
2.08405730689
2.11666388445
2.03404962301
2.04518642667
1.66363675375
1.73111470191
1.94985687257
1.95278595006
1.98644487749
1.67574583549
1.75494209771
1.7442299439
1.89536441884
2.10365257345
1.79768357388
1.22270932962
2.09752530638
1.73488720961
1.96833114899
1.63597993847
1.77328988131
1.65348196912
2.1279989215
1.44363932502
2.1077973452
2.24843726158
1.48745205963
1.78641448856
2.17334793013
2.00427534326
2.21383626719
2.02498132763
2.08919667242
1.64112562815
1.93580884677
1.86520787226
2.16553948055
1.89642947036
1.89488680585
1.57793190778
1.74715768207
1.86660032998
1.85455061684
1.87774415943
1.60385601256
2.0023585625
2.20654067656
1.50199542827
2.00210628926
2.23544179745
1.83745492162
1.98016411928
1.57923838829
1.91657860078
1.84273017892
1.75387077596
1.98870569076
2.17309561933
2.28628969916
1.96185298431
1.78539879768
1.56828612741
2.00833100867
2.00129403327
2.21609454492
2.07684998012
1.16351856735
2.27793922811
2.07012316941
1.81874334804
2.19124942435
2.14263335009
2.15375440186
2.33545414875
1.83215066706
1.71795809784
2.2553290534
2.46416549779
2.07865277095
1.65453467493
1.99605980732
2.1348517358
2.21392142342
2.15009588495
1.54733047345
2.05270282472
1.92235669466
1.292609077
1.85510423251
1.96477212907
2.17826590386
1.98615088035
2.17593720871
2.01589158158
1.99869799129
1.93714112867
2.15052684991
1.89978348477
1.8351354498
1.94885680075
1.86505265077
2.24269751489
1.9497693973
1.89649848564
2.49653881402
2.08909067733
2.07894526753
1.94179950573
2.01363771599
1.66202831038
1.82063028683
2.05548152089
1.76085096397
2.42200596066
1.56201419079
1.75334834159
1.64428658125
1.96337704619
1.65207169798
1.96136721703
2.28730262872
2.04179654543
1.81306287791
1.59428071756
1.7773041175
1.94658859044
2.19296122914
1.89469501057
1.7723730555
1.9833026804
1.6016492797
1.6545374673
1.90492845941
2.41876059961
2.22984492226
2.33864221269
1.93461603197
2.28569278635
2.00712439863
2.26891262061
1.93857942198
1.48442121911
2.59554112847
2.19986006945
1.2902883144
1.71582953247
2.23012387497
2.21214917086
2.28344242622
1.72375226953
1.69534970541
1.78153348514
2.00652698578
1.95772963604
1.54546452623
2.0816530156
1.85111327694
2.2901123251
1.55333282294
1.97890389025
1.6580098984
1.8492509213
2.27155707929
2.15479914173
1.99100989666
2.34837853251
2.11724801952
2.05629876998
2.29165017254
2.02463764305
2.14609348987
2.05102352155
1.69341584954
2.18148545584
1.60478409493
2.50161574479
1.92425662977
1.92083015602
1.96174847343
1.97991547099
1.6082026736
2.40041527088
2.27338468756
2.19862190965
2.04971147943
2.41330687765
2.42194629127
1.93062322259
1.91782911689
1.39835321135
2.24233967148
1.57237353575
2.24119020349
1.48763718862
2.15293408777
1.67710007784
1.97039472875
2.29391601548
2.23052596161
1.39749985203
1.63317416842
2.00149680398
1.78770608425
2.13098399673
2.23328200395
2.22858902145
2.17056810965
1.9181044788
1.39594333212
2.05811645663
2.17693634678
1.81600289457
2.02591157102
2.27429594969
1.69549365294
2.19210179262
2.09719765884
1.68528067225
1.95636172837
1.91077584163
2.0653749599
1.55823914963
1.76211097932
1.75226657902
2.12876164496
1.48444979955
1.79065355702
1.70604610343
2.10347299062
1.85851093206
2.26572424025
2.02706233662
1.67795009935
2.00215884432
2.06924012516
2.10924746434
1.8119778115
2.43596868476
2.20752593413
2.01208543901
1.86284617576
2.08457799635
1.54689044719
1.78350855715
2.03014915592
2.05003155048
1.69900481524
2.33841827429
1.83820821314
1.85894934913
1.67151016689
1.43216132957
1.86084211378
1.99705703192
2.02294041634
1.90533516458
1.8915599981
1.83621094721
1.88158474672
2.03683041629
2.01690048599
1.48446497726
1.53013480207
1.80831781149
1.76634435897
2.30976699225
2.45269961722
2.1205932198
1.92819705669
1.88795801823
2.0935848907
2.15949644671
2.22974188022
2.29567746994
1.58927020201
0.389270954527
0.408294295845
0.41570862362
0.326608973591
0.362991905387
0.590127637606
0.230540280275
0.575186902765
0.985832940261
0.567290518292
0.928118786017
0.679766774554
0.312367201792
0.332067934055
1.18048452083
0.368255695572
0.886533645647
0.439235512236
0.424742307766
0.939577823815
1.11459004901
0.584826747301
0.875822905749
0.43122830458
0.507421154318
0.589028400884
0.505759601847
0.514893068153
0.5048266044
0.673157801401
0.482691003774
0.304532784373
0.3105272483
0.615886984453
0.414413508468
0.842445173302
0.275210217158
0.44545168682
0.551712995798
0.420586177133
0.562119535087
1.13249003836
0.593893825657
0.626314618888
1.14349429055
0.207412129672
0.279188239729
0.248564933684
0.570614695667
0.791399440042
0.654039950792
0.506587821965
0.179226106865
0.276211732038
0.551324824769
0.574828602617
0.679129824382
0.346778890026
0.584886815711
0.637163469218
0.863610172365
0.996079491396
0.538635544555
0.34269235314
0.572470580166
0.481575808252
0.382922535127
0.436590825651
0.437020465022
0.853795624074
1.1637948819
0.26188594944
0.439164589643
0.523378115728
0.449287757899
0.392332875905
0.753151803207
0.512638864168
0.572400626892
0.706473145799
0.358742540386
0.632981716617
0.536621787057
0.635618134445
0.302189511589
0.39950445169
0.281540385082
0.76505570696
0.278812529235
0.539831234157
0.868316267421
0.820653281274
0.493406056581
0.83089946091
0.412879590246
0.624071446272
0.366772745867
0.574150473923
0.235898930893
0.528672112066
0.324907837017
0.569419828427
0.498035792171
0.439304548159
0.474268132345
0.61656122475
0.704450106274
0.406722937367
0.368407177287
0.562083986435
0.23620226611
0.506035638166
0.524733300811
0.733822574061
1.06334770126
0.2287733775
0.517340491413
0.327728497442
0.383519620252
0.453246409988
0.495305967161
0.52661236475
0.404201954135
0.304727139421
0.871231410083
0.77262286108
0.889741186034
0.581857932738
0.401016136477
0.825790559645
0.661380661541
0.329690681782
0.27016707602
0.334069467336
0.503626654384
0.56273514301
0.3174349222
0.31222278944
0.2522164964
0.727304239209
0.380942431189
0.564723383474
0.336437844164
0.374001142706
0.479923831508
0.366608682423
0.48372906894
0.370622797696
0.200676910855
0.348527604866
0.430442528057
0.364244278846
0.433362906673
0.388234808919
0.44673360993
0.379927302578
0.23340224971
0.38612661677
0.258417526618
0.608053232248
0.746570427686
0.575878084583
0.247777334922
0.431440373332
0.775051889373
0.572686095675
0.600396808038
0.234660006924
0.549565589957
0.270298445108
0.970904671292
0.496042577025
0.567415607373
0.390088514875
0.824985112491
0.553581986322
0.889727838633
0.416037403022
0.489350089832
0.307449824492
0.246164015492
0.236006797951
0.452490828293
0.757124821504
0.391675819435
0.752701896583
0.497532062554
0.565312738547
0.419973070904
0.50881455889
0.513376885715
0.606547053505
0.501632140257
0.42729046489
0.707464670084
0.425975669537
0.135355212244
0.215929728002
0.673261479
0.363308206301
0.466749840314
0.758535629076
0.46163024223
0.540357532608
0.122406558991
0.349469067241
0.440788671236
0.446921349397
0.390654538362
0.786170655473
0.709990328554
0.302568179835
0.491729228151
0.407756346283
0.383502697691
0.599697348074
0.715148787938
0.563638380231
0.184561709729
0.835673210779
0.355893521954
0.686157242493
0.482756592021
0.236207577339
0.345459218896
0.421049610336
0.538752481405
0.384023783546
0.351823389656
0.54277211786
0.714068466678
0.549904735583
0.161657353801
0.677216055705
0.510789423775
1.08372801149
0.946548565463
0.871257366811
1.15721449974
0.373134266879
0.554658811519
0.328798525012
0.299255846308
0.442372236383
0.39114203093
0.538459211254
0.263876788836
0.559982481519
0.495868063175
0.669285055481
0.859659951751
0.398435891346
0.444014269991
0.697025164699
0.235818078722
0.616575605698
0.539485812204
0.332166579716
0.289019902316
0.35773968809
0.471311870195
0.416046246092
0.332235966851
0.47741837495
0.41959070265
0.275670661099
0.321262632295
0.215341806913
0.447233286824
0.38022789175
0.205253429864
0.268284180055
0.564848389792
0.470182971386
0.719875642794
0.989828709913
0.701702503838
0.521883783018
0.350971534451
0.192718577439
0.236693693419
0.137367342038
0.239290872693
0.85359305776
0.261771657399
0.634499841794
0.496927079962
0.721033638442
0.615849493405
0.407967809587
0.382485364503
0.49327269829
0.427860216507
0.274998404695
0.574392851221
0.814017423076
0.868962764452
0.336482323261
0.495829166695
0.417370879088
2.17625757997
1.93794701891
1.91833071755
1.50623551181
2.20977202982
2.20214010255
1.3167080677
1.99050143489
1.8166756836
1.95269248714
1.84681200808
2.06185553463
1.95642253868
1.85557821582
1.93383075196
2.22069453886
2.43405650611
2.04528391956
1.933248049
1.74072458922
1.84764942432
1.66636921158
2.25020858063
1.79690337758
2.24572869538
2.22504436737
2.51072465022
2.1793099916
2.55818743981
2.43604115644
2.1549729184
1.67778722527
1.39403350134
2.24113366048
2.38542222517
1.88338425321
2.16943601595
1.96384019117
2.28232817059
1.76651482082
1.75721232399
2.03653278649
1.90173637339
2.04574600409
1.54254894415
1.68872362923
1.72409730057
1.93377356735
2.28909905971
1.46674028528
2.21397026981
2.08201891727
1.73275266679
2.31990055934
2.31202581834
2.26955832474
2.36410462756
2.42939070439
1.53547544464
2.37798357605
1.53935872751
1.96249572775
2.15858790929
1.92990580156
1.55973621491
1.51434105594
1.5818970004
2.30524562245
1.65888582546
2.38496527508
1.88471842324
2.09896492791
2.24981873282
1.56158562146
1.65914040777
2.18891203185
2.14196862641
1.88192395659
1.94595828649
1.81400134393
2.23683214022
2.23413506414
1.82468497847
1.8777582865
0.746667439155
2.43352914043
2.48149925646
1.91948030422
1.61555030482
2.10059270503
1.93135918529
1.80470462919
2.1228192462
2.25857113645
2.3299702664
1.63731065461
1.75612481442
1.60089919232
1.76562710774
2.50623200731
2.26588820564
1.62281480706
1.63886801674
1.52410566069
2.14741562992
1.89363459697
2.06388489445
1.57642402987
2.40677519222
1.55318174194
2.3296294432
1.78635226502
2.43263914465
2.1379591174
1.99016013625
1.80623795877
1.48987942014
1.61022694033
2.11007404122
1.57215063267
1.08683391709
1.8786369997
2.26588336528
1.99117237441
1.83803236261
1.73435189126
1.900428626
2.06650745968
2.34083220995
1.26307575122
2.18971409855
2.35507450903
2.33461321106
1.86539721142
2.04024998334
1.62913397449
2.10954372229
2.05428763042
1.44961118856
2.07607481004
2.19643530656
2.06597974052
2.11493138481
1.75464615274
1.66195531351
2.01437723759
2.40307259664
1.79581406617
1.86478049776
2.37946026785
2.04807435956
1.9757407732
1.81249351979
2.2445674152
1.72196192194
1.8679821435
1.67477802681
2.20298586524
2.16184926691
1.97412245296
2.03730412948
2.28060083624
2.39217017988
1.57677792327
0.938530798428
1.82799892613
2.04055411362
1.76475145622
2.23163155132
2.04517717304
2.07102965219
1.67972387801
1.785674634
2.3563626815
1.95401156245
1.88480613752
1.93923257698
1.70261407247
2.00516458414
1.61075205271
1.72896110572
2.26836707032
1.73345140495
1.82203210468
1.88153879529
2.18426288362
1.76318473201
1.67376428525
1.62543640149
2.01264944663
1.50949125341
2.21659696589
2.08946624745
2.06092028423
1.70266650124
1.89896204233
1.79178649323
2.06493945331
1.59557181276
1.99336120277
2.27739604979
2.26246676769
1.67256731827
1.74408826919
2.06117102776
1.53974882666
2.19081418474
2.02285174564
1.72326024435
1.7444063614
1.78089729719
1.61043801923
2.26068982618
1.89655250348
2.16267448483
2.2465102695
2.0878119684
1.88316875864
2.27626839612
1.44692226625
1.67065883508
1.90538572198
1.7619964999
2.08724618547
2.09422191355
1.6840735655
2.01891453951
2.147508017
1.53857583257
1.64160923208
1.99088646173
1.86972265792
2.29972880031
1.7302116367
2.06471086095
2.12752831246
2.32555186806
2.10420056938
1.70798505582
1.74361823351
2.06365883199
1.87135385244
2.04534391291
1.71963164104
1.87739186453
2.029645183
1.7333988437
2.04917508463
1.78882272183
1.80890489253
2.04479984716
1.7693778088
1.66195980891
1.45517163415
1.61401906006
1.7087028125
1.90014863394
1.68629199907
2.3545959376
1.96603343365
1.81459021728
1.87125374935
1.77746920656
1.48088036908
1.67965904766
2.05540650069
1.89380080022
1.96575246153
1.64935934355
1.44465089328
2.5957764165
2.16350749326
2.044344798
2.26170669109
1.91014986279
2.0789133711
2.25924541266
1.73116875557
1.9339227305
1.80545417839
1.88139634532
1.61740711321
1.78502682461
1.41118243275
1.80153729519
2.0768883054
1.74979324705
1.62948546914
2.41415849105
1.67613380594
1.65619738449
1.45375949318
2.27869796557
1.81798453789
1.63472860615
2.50281643512
1.76631061954
1.81006357993
2.20990908976
1.91471831788
0.367177008834
0.533901186767
0.582321986294
0.476922750119
0.261614315227
0.284658563539
0.250224747393
0.64318459032
0.326234735076
0.394166573028
0.462795701544
0.415310570709
0.317220747041
0.212532163536
1.00464135901
0.487532886436
0.495985526511
0.502917744373
0.742071005265
0.417187428554
0.430269479435
0.360885368272
0.323370138987
0.556859330466
0.384747253721
0.66196598455
0.593399403844
0.222162265747
0.356084024015
0.367378105383
0.267430817353
0.236478872204
0.205336802406
0.857637550254
0.408690584102
0.748983116091
0.63736782215
0.506586174344
0.40109915876
0.230071490243
0.409857817435
0.200031248282
0.18897205285
0.374334980193
0.342199846315
0.596408591427
0.784820572929
0.372052321946
0.397886821058
0.816500602235
0.544837601338
0.432741080778
0.602539746814
0.816489406305
0.577280588857
0.472627019536
0.401729752306
0.482493264267
0.630183288168
0.300436986151
0.38312276845
0.282691608017
0.43624851045
0.333613982614
0.409384109905
0.372422581199
0.338400442284
0.385989284671
0.39196487025
1.05947490808
1.01887428969
0.367127335564
0.573762633678
0.789988281348
0.489041569157
0.327705342419
0.44803979908
0.346469361474
0.382348503964
0.598874675633
0.829320628515
0.794491149368
0.468740093285
0.863543245537
0.607249390701
0.658911147669
0.56533193978
0.679803941754
0.671121708224
0.815871989097
0.358854621077
0.320814746301
0.594309085788
0.480004021157
0.522113381449
0.616776181222
0.350777266764
0.262816559407
0.522820064456
0.6285385569
0.266721369081
0.55839017496
0.446662218307
0.6033868234
0.383124581739
0.884742075285
0.417522797705
0.504078905865
0.364443445409
0.701645890217
0.461244957896
0.344964177813
0.600600301781
0.44421788835
0.221786586699
0.571258293549
0.426269221553
0.596748366184
0.676577405467
0.293702093453
0.340565243752
0.414409634333
0.816153984484
0.524775048313
0.346087947414
0.273226799228
0.801346098927
0.247663992087
0.366840637966
0.646957794743
0.795241501313
0.578564151953
0.449500182162
0.383923668088
0.709679298916
0.216048058489
0.933588127767
0.434120466911
0.348033843027
0.282503491652
0.410124476713
0.319466045731
0.321164190518
0.82579391742
0.522358237794
0.526913788188
0.354681675397
0.458027204413
0.613085108291
0.351978792056
0.445863388444
0.515452175725
0.419566758147
0.846482405928
0.619602773489
0.452454689998
0.522350409318
0.424107532311
0.32135053585
0.310413870916
0.230021004853
0.493631101642
0.851009984463
0.376460328745
0.518438595774
0.272383707326
0.477581292934
0.391554886779
0.180023330161
0.398228337695
0.951050735305
0.443511008202
0.459781435624
0.579241972671
0.429387516864
0.272953451471
0.362056787392
0.309103453228
0.287516137179
0.469451679224
0.673933870115
0.152087147661
0.358920541035
0.714294325994
0.570983508057
0.606079726783
0.371569455761
0.689953033716
0.410623738517
0.196715983347
0.360887227547
0.790225370798
0.862141839892
0.580113748435
0.332569836768
0.336005986869
0.174261273811
0.131687604865
0.418885684511
0.924557963922
0.252246492707
0.638525279261
0.456979892257
0.743889151672
0.40785260844
0.792127614079
0.773611056491
0.573739209193
0.66651830599
0.801800052731
0.470502196814
0.712831419196
0.735397365101
0.470779758991
0.307095815905
0.32353916882
0.526566080486
0.561729116619
0.498636789
0.391574244344
0.415737956927
0.64626771642
0.811555956669
0.404500726602
0.3532127729
0.510742122385
0.215363627162
0.522227852636
0.276520367699
0.442340459697
0.388744037958
0.276326642521
0.335972272453
0.172598288926
0.293916194413
0.436238037599
0.424362520991
0.602492907394
0.48421288567
0.538476613915
0.832826622865
0.47952990615
0.543222359655
0.699327090345
0.874012918214
0.249677798578
0.489940872892
0.608176311885
0.399235115701
0.473732726964
0.473575287092
0.309404204779
0.316473094977
0.200407054963
0.514641566477
0.702903638471
0.443773317465
0.687422294145
0.288648464485
0.193719602938
0.210372456179
0.215620116098
0.761838892379
0.669117638631
0.219005807597
0.389182631934
0.369179056515
0.579440150128
0.302205387633
0.52119227287
0.281739708497
0.705019594618
0.431503050031
0.2794327813
0.362611752551
0.536119972584
0.332883270483
0.1501047223
0.525343366497
0.488236704398
0.464473959172
0.559386591124
0.329093830339
0.606354106956
0.462876321565
0.532309495819
0.692495371546
0.337117419235
0.177917601805
0.386321369796
0.18954557765
0.307616505735
0.381861330365
0.153390996101
0.304425978188
0.366277627507
0.132713663401
0.332402559736
0.117780355048
0.460400860213
2.45476326833
2.16112184835
1.8427231096
1.81729463063
2.34208845331
2.57971706962
2.00361072932
2.03638664621
2.49751882328
2.43537234228
2.11152658993
1.94164688186
2.6228615298
1.81832316245
1.98775302563
2.1358920477
1.97801904767
1.91868925998
1.83365574803
2.16905420896
1.83948244772
2.09544452657
2.02998611683
1.9717032334
2.3197906599
1.84416548689
2.10634797855
1.96245457138
1.86574197862
1.57404771534
2.07022789364
2.35077773623
1.84181035815
1.89190015135
2.40967420512
1.60349044119
1.81581979364
2.18516674849
2.01346235386
2.25927780821
1.98485286622
2.15113833747
2.16195246748
1.55920181362
2.0040622107
1.56059794499
2.21861462029
2.01742972273
2.58740069666
1.85914277124
2.15773590349
1.71647193166
1.97117111508
2.13249107826
1.92659786554
2.3483530432
1.26391927798
1.89754282099
1.27500961674
1.87941180228
2.40319419358
2.04739363128
1.82646978421
1.96753236276
1.73382135093
1.72076638173
1.31429847136
1.57944486724
1.52624372364
1.83280656014
2.13385486781
2.27254722551
1.94308235727
1.93331563299
1.88084486966
1.94048274311
1.67800360756
2.28704177558
1.60810585635
1.65713464701
1.65719535875
1.90399059448
1.81797703378
1.7256619444
2.00454489837
1.90222374301
2.03493433749
1.57754579653
1.91768538417
1.67943092704
1.4881039632
1.95461445714
1.58810221661
1.8324979986
1.99751591591
2.09269048711
1.59879357986
1.15848519891
2.02037768964
1.88452568954
1.97363681011
2.06643127045
1.79459633102
2.25857278365
2.08064217967
2.29008153739
2.28251445138
1.93964505984
1.39998422555
1.70308564001
2.28772538824
1.83470233924
2.58633623885
2.46916156281
1.34758657974
1.81715112181
1.78169857876
2.54849577703
2.36886579724
1.99707166111
1.45745527061
1.51478060141
2.32922789747
1.81990230794
1.97508242795
1.53410672574
1.92958229689
2.01195304208
1.56500803717
1.84038209623
1.73134464877
1.89611789804
1.82525923068
1.89843184141
1.7107974003
2.20565706455
2.01421095801
2.08772292877
2.12746855947
2.16302638945
2.2227002387
1.84667557483
2.32924758251
2.11835068313
2.03245160559
1.69059262032
2.08773237332
2.0321179504
2.24521375399
1.656211054
1.75855162639
1.8055257246
1.9216794744
1.91713223717
1.91220031087
2.07135297358
2.07971506053
1.90691454652
1.85944167484
2.34576086552
2.05749043531
2.01160321895
2.26646837159
1.79934807305
2.18533971742
2.15704494459
1.84831133
1.77949039082
1.93106362887
1.68512743883
1.45170650387
1.7244470155
1.98576952367
1.95103133369
1.8307409178
2.20765072763
1.65158715689
2.0472525475
2.50742845731
2.01748331858
1.9213683783
1.37376418417
1.52291661055
1.95789247526
2.16006285045
1.7827723929
2.29931361087
2.28977609724
1.66686321292
1.15312510154
1.60357214106
2.02222200116
2.17132512025
1.96717669982
1.95253507867
1.68169687126
2.05608627653
2.19821704129
2.39307327278
2.21943068486
2.07282391195
2.2654084963
1.49820516323
1.86810380031
1.91645762294
2.12753914727
2.33575699628
2.21275189127
1.88972350486
1.99780176156
1.79066593461
2.16412715731
1.88510141366
2.08415409639
1.99338156546
1.81265770187
2.11131958025
1.57223842868
2.44811367312
2.33622939525
1.69256559712
2.48293057479
2.31990097405
1.60488139797
2.25259840668
2.07239989323
2.09204454981
2.22739515964
2.08954527829
1.83652352647
2.25052332682
2.36390848869
1.56404551374
2.01423729495
1.49087323335
2.11732402125
1.99755582511
1.75271193
1.63079245289
1.67958163728
1.93583698385
2.09149709824
1.90417642522
1.88894374945
1.90915082755
1.71699967822
1.79377876548
1.69458982122
2.11267925409
2.18220533049
1.91571027214
1.89829692079
2.33135580959
2.15659147055
1.93158697128
1.88496569853
2.16704767588
2.00026771574
2.0948639387
1.70911081331
1.8519578228
1.68563428334
2.23289630838
1.75246619812
1.61672610326
1.83038750528
2.06564967028
2.05905285052
2.0200006981
1.93763778721
2.04707190786
2.27500634966
1.99945316523
2.01903658734
1.81693430554
2.08648637147
2.11315252266
2.27987411348
2.13166015211
2.10982850213
1.44260616745
2.25568593896
1.96811814116
1.94804204171
2.08423760732
1.98996108388
1.54958313207
2.01435779826
1.75300395948
2.10985584021
2.2341290574
2.40492849676
1.80007087826
2.07023802684
1.49660643818
1.86319968042
2.0414085099
2.4993815377
2.16577979041
2.13987884935
0.181930894644
0.237426875624
0.504803108637
0.788713221969
0.664276346498
0.760528828154
0.585566551968
0.527614275608
0.398648649978
0.217280036724
0.28671105062
0.371889265314
0.159570722346
0.381070809751
0.221042381417
0.400486197261
0.33839451054
0.337907882104
0.380593616831
0.252120593152
0.262928805993
0.296944387203
0.207753081689
0.591194865563
0.368455441841
0.481771966148
0.708147806869
0.546861850796
0.608018269548
0.607703324228
0.283389574197
0.52043132337
0.521249204976
0.386789872925
0.323582033343
0.585811626861
0.171404846442
0.77534730875
0.471560605128
0.601587324033
0.400638090871
0.655387601549
0.527084805686
0.680009223737
0.395167439187
0.347495465719
0.142270516671
0.140977333842
0.361555489389
0.673027151065
0.609169207606
0.259770661564
0.432007247291
0.691490677677
0.969031355188
0.527010455376
0.299637453114
0.617590816719
0.352195933959
0.309907339607
0.378709252304
0.403305363814
0.25801209469
0.175546596674
0.319095647451
0.330361442093
0.257740882975
0.593021385755
0.808591280993
0.782395085717
0.643470682924
0.17090014223
0.733357904411
0.501213031068
0.471091529779
0.393859457393
0.521715829369
0.574160163936
0.206291172437
0.241713189217
0.417576442062
0.446079935079
0.352857276208
0.593199222747
0.789346088975
0.11148418297
0.40141173674
0.346866060141
0.505227947078
0.386427407318
0.716615525357
0.4407857801
0.40046197647
0.365014990735
0.402536067736
0.154449378492
0.27792998775
0.441224757472
0.379130555232
0.661846594232
0.128635167189
0.396818669588
0.503514563857
0.582904708421
0.515505723884
0.50141805356
0.701044791153
0.745508899927
0.568333900282
0.327107620778
0.643043877878
0.33069617482
0.277936384346
0.218386931768
0.229903166694
0.6269421657
0.595054843378
0.260872878212
0.362309684218
0.290900260251
0.5287586424
0.602162020898
0.828491024884
0.707886738192
0.651861554475
0.60835319386
0.251695172262
0.373653586378
0.287581420389
0.68671786648
0.619139590629
0.341752649238
0.36423003835
0.136517196992
0.374104844475
0.574868984754
0.441183559596
0.803183582738
0.7158720248
0.550316391668
0.315283087227
0.356720923513
0.296984645285
0.348935286787
0.4853773192
0.31664505711
0.586982061193
0.677958023936
0.433929671667
0.371442748323
0.236960832134
0.439388758476
0.444177379282
0.156264797828
0.401880150616
0.659007115547
0.314926054916
0.323550774663
0.399195419878
0.155704351947
0.155035416986
0.518862342861
0.280587661391
0.485978871419
0.555333751238
0.343457809334
0.319281219985
0.264065909865
0.443755598614
0.549744748023
0.344407890339
0.352281932793
0.962341614362
1.13907943879
0.58819257899
0.889995962916
0.536808107255
0.801142656302
0.315140114475
0.860140342663
0.321209282803
0.227287121569
0.38127365024
0.423360816865
0.33297418735
0.338467384954
0.62539493554
0.481012136762
0.579684399042
0.436846093697
0.282490923101
0.367110432799
0.243284469257
0.306489997444
0.453891308453
0.244920889773
0.313678686855
0.431600648719
0.314916550132
0.289596238708
0.353923652906
0.289831929924
0.445461841287
0.644522615175
0.547123276728
0.425304641654
0.489849132768
0.559640593851
0.529221363556
0.471540163756
0.380517345955
0.181865864657
0.194147886628
0.274357426806
0.191747164561
0.305766449729
0.549341345158
0.337114436667
0.580947360971
0.520659587336
0.470535238927
0.804832831511
0.211820093383
0.47969772911
0.480737076204
0.517118917587
0.236245962503
0.458351353844
0.40028183306
0.303752663826
0.378018044387
0.32685373551
0.294099026899
0.294785033526
0.528336555855
0.896891527255
0.49854744573
0.648200780216
0.941075418513
0.906495320822
0.29804809955
0.762888545152
0.405881491227
0.848339846511
0.960495021389
0.592881046403
0.586629785102
0.616250971297
0.267780242876
0.359613854678
0.410727183333
0.318540542339
0.313831810308
0.667308991749
0.610164319732
0.737613304015
0.72443635074
0.164152506627
0.484225430556
0.697137898459
0.357054508948
0.341766300092
0.194192756405
0.661456894912
0.603595212649
0.423260913365
0.394029996329
0.151011660791
0.295126402244
0.407227471383
0.419999714446
0.268897420081
0.645220795216
0.866521179581
0.455852651778
0.598006704324
0.252783747467
0.281235122618
0.292457608764
0.438821895681
1.28258696352
0.518372718165
0.879731218277
0.41985693703
0.65434017439
0.189214680937
0.852925555612
0.442222157868
0.625598931133
0.446714185313
0.626648750284
0.420594566264
0.47114313235
0.900668126112
0.921441644426
0.757208371225
0.308044213421
0.289435899212
0.147842879405
0.247999001173
2.18752079364
2.12295881444
1.825797025
2.56517260641
2.04075096612
1.88400576921
2.34159798702
1.54982362953
1.66504967053
2.55851966471
2.18897102531
1.91997099957
1.57267823643
1.67469389301
2.10714913189
1.95393784215
1.73869722507
2.05343000754
2.41922610926
1.9143542327
2.17297509392
2.27985397456
1.93450697319
2.04599163924
1.52956945917
2.21528610522
1.9489995988
1.63110282484
2.05500426564
1.90429845103
2.04524470507
1.79839286347
2.97409848649
1.4114773503
1.97696749921
1.84243148744
2.46171300424
1.90472389209
1.97870298554
1.98219797463
2.05537639554
2.14884436435
2.02356941613
1.52079032513
1.84461735892
1.80721065055
1.97205101786
1.70967072731
2.02887948979
1.65767518601
1.415653878
2.00160080744
1.75337603096
2.07734026021
2.08349659641
2.01583911272
2.33243608871
2.18107717027
2.31619520006
2.26274333642
2.14053792128
1.74785026522
2.0516228005
1.89050921076
2.0100535975
1.96702211704
2.08231454892
2.29459201642
2.28118704204
1.83470849047
1.56210166866
2.11163407989
1.95934402782
1.94936288478
2.20521986633
1.61085739351
2.05563799074
2.18983906379
1.94986723845
1.7127145466
1.86055699748
1.97686576407
1.76408628189
2.22113735836
1.99709708081
2.33503154933
2.07278116873
2.12918627294
1.84150139274
2.1949552592
2.2364603659
1.64053659177
1.5956175471
2.41804463398
1.10129510259
1.50798373189
1.8648313397
1.84959866945
2.0375166849
1.98543496644
2.42678843815
2.24411128682
2.49873171264
1.60242137163
2.29990053354
2.32742261505
2.65247131965
2.39433227432
1.83767736673
2.10402394309
1.57742974849
1.77664087349
2.13651825247
2.2346507101
2.24929787686
2.1603607173
2.28400105171
2.16810581178
2.10621553959
1.55349524621
1.60971984553
1.95222588264
1.77113438797
2.22828548258
1.96393370642
1.76967533603
2.08375057028
1.81534441069
1.89319412156
2.31488301966
1.78930827652
2.34221504729
1.83965477156
1.96042793563
2.26147863182
1.94768025148
2.12938567398
1.53909932443
1.28932781431
2.40200405827
1.81532082216
2.0884176923
2.39499008015
2.21177418338
2.23860078104
1.99236758026
2.05579706021
1.48539580029
2.14383409083
1.99568129407
2.07659177429
2.28785149493
1.19714338066
2.09537248195
1.60262546866
2.23446783027
1.85937292535
1.98982357715
2.04525332138
1.91739608579
1.98084665119
2.2911925065
1.56757594699
1.81354331118
2.52363120596
1.49343742669
2.37458387816
1.65694231865
2.15997729783
2.30870175638
1.92303992378
1.83419420047
2.04028269721
1.87037331111
2.41159900743
2.22781059425
1.81231481742
2.18894045623
2.23639217029
1.80273584125
2.38162827747
2.28401776258
2.06843816378
2.68723387045
2.60767313328
2.20998353363
2.00294390359
1.39751770369
2.10785349492
1.59653865185
1.58744282017
2.18938271281
1.84604046256
1.9688828221
1.83001135914
2.52963197975
2.32307338497
1.95417617241
1.30797680858
2.01433441604
2.43529906047
1.81002444462
1.74064898113
2.07789604809
2.2358404222
2.23906855162
2.20797809445
1.80413868631
1.88889005739
1.95078795894
1.94822922112
2.2816980431
1.66796905837
1.6670988735
1.95209521786
1.61098495729
1.76678783537
2.65358923382
1.81604303925
1.6537939629
2.16476657683
2.30181244311
1.70464824378
1.90516002169
2.28573404078
1.85208130107
1.69648254156
1.83623136661
1.99855340997
1.95824544533
1.82607869473
2.18861231825
2.00994492748
2.4519378646
1.81050786306
2.00320084401
1.58505403774
2.19050751282
2.37778118251
1.59560338035
2.21928387832
1.93320952205
2.27900429078
1.98346707011
1.94239385142
1.94651614583
1.59510868114
1.81116836027
2.24685021499
1.62415430828
1.85996764646
1.75716210705
1.75875385196
1.91815503874
2.13601977432
2.04733777072
1.67203905436
2.24511160175
2.08818617961
1.44857586559
1.97685133139
1.73946263187
2.32997433484
2.51736368277
2.05108886327
2.24124460571
1.79493714443
1.72608880602
1.67620446167
2.05995359668
2.29803199288
2.19408302867
2.13702953619
2.51915161754
2.16836700816
1.8218779857
2.26346566262
2.36192851015
1.59492342501
2.16296822982
1.9985226795
1.75565616747
1.86259544992
1.86677236278
2.1474529611
2.01135176617
1.75634480312
2.07394054259
1.37761106634
2.18989035465
2.1255152113
1.80451613261
1.54708820401
1.68705657924
2.28564859284
1.77706442663
1.55304376734
2.10077475647
2.16118947933
1.50887710654
