1.0 1.0
1.0 1.0
1.0 1.0
1.0 1.0
1.0 1.0
1.0 1.0
1.0 1.0
1.0 1.0
1.0 1.0
1.0 1.0
1.0 1.0
1.0 1.0
1.0 1.0
1.0 1.0
1.0 1.0
1.0 1.0
1.0 1.0
1.0 1.0
1.0 1.0
1.0 1.0
1.0 1.0
1.0 1.0
1.0 1.0
1.0 1.0
1.0 1.0
1.0 1.0
1.0 1.0
1.0 1.0
1.0 1.0
1.0 1.0
1.0 1.0
1.0 1.0
1.0 1.0
1.0 1.0
1.0 1.0
1.0 1.0
1.0 1.0
1.0 1.0
1.0 1.0
1.0 1.0
1.0 1.0
1.0 1.0
1.0 1.0
1.0 1.0
1.0 1.0
1.0 1.0
1.0 1.0
1.0 1.0
1.0 1.0
1.0 1.0
1.0 1.0
1.0 1.0
1.0 1.0
1.0 1.0
1.0 1.0
1.0 1.0
1.0 1.0
1.0 1.0
1.0 1.0
1.0 1.0
1.0 1.0
1.0 1.0
1.0 1.0
1.0 1.0
1.0 1.0
1.0 1.0
1.0 1.0
1.0 1.0
1.0 1.0
1.0 1.0
1.0 1.0
1.0 1.0
1.0 1.0
1.0 1.0
1.0 1.0
1.0 1.0
1.0 1.0
1.0 1.0
1.0 1.0
1.0 1.0
1.0 1.0
1.0 1.0
1.0 1.0
1.0 1.0
1.0 1.0
1.0 1.0
1.0 1.0
1.0 1.0
1.0 1.0
1.0 1.0
1.0 1.0
1.0 1.0
1.0 1.0
1.0 1.0
1.0 1.0
1.0 1.0
1.0 1.0
1.0 1.0
1.0 1.0
1.0 1.0
1.0 1.0
1.0 1.0
1.0 1.0
1.0 1.0
1.0 1.0
1.0 1.0
1.0 1.0
1.0 1.0
1.0 1.0
1.0 1.0
1.0 1.0
1.0 1.0
1.0 1.0
1.0 1.0
1.0 1.0
1.0 1.0
1.0 1.0
1.0 1.0
1.0 1.0
1.0 1.0
1.0 1.0
1.0 1.0
1.0 1.0
1.0 1.0
1.0 1.0
1.0 1.0
1.0 1.0
1.0 1.0
1.0 1.0
1.0 1.0
1.0 1.0
1.0 1.0
1.0 1.0
1.0 1.0
1.0 1.0
1.0 1.0
1.0 1.0
1.0 0.9996666666666667
1.0 0.9996666666666667
1.0 0.9996666666666667
1.0 0.9996666666666667
1.0 0.9996666666666667
1.0 0.9996666666666667
1.0 0.9996666666666667
1.0 0.9996666666666667
1.0 0.9993333333333333
1.0 0.9993333333333333
1.0 0.999
1.0 0.999
1.0 0.999
1.0 0.9983333333333333
1.0 0.9983333333333333
1.0 0.9983333333333333
1.0 0.9976666666666667
1.0 0.997
1.0 0.996
1.0 0.9956666666666667
1.0 0.9956666666666667
1.0 0.995
1.0 0.9933333333333333
1.0 0.9923333333333333
1.0 0.991
1.0 0.9886666666666667
1.0 0.9873333333333333
1.0 0.9863333333333333
1.0 0.984
1.0 0.9813333333333333
1.0 0.978
1.0 0.9733333333333334
1.0 0.9716666666666667
1.0 0.9703333333333334
1.0 0.9646666666666667
1.0 0.9573333333333334
1.0 0.9493333333333334
1.0 0.945
1.0 0.9403333333333334
1.0 0.9316666666666666
1.0 0.924
1.0 0.915
1.0 0.9046666666666666
1.0 0.8983333333333333
1.0 0.8883333333333333
1.0 0.8793333333333333
1.0 0.8646666666666667
1.0 0.8556666666666667
1.0 0.8413333333333334
1.0 0.8253333333333334
1.0 0.8063333333333333
1.0 0.7843333333333333
1.0 0.7643333333333333
1.0 0.7473333333333333
1.0 0.7293333333333333
1.0 0.7073333333333334
1.0 0.6823333333333333
1.0 0.6626666666666666
1.0 0.6406666666666667
1.0 0.6156666666666667
1.0 0.5943333333333334
1.0 0.5723333333333334
1.0 0.5536666666666666
1.0 0.5276666666666666
1.0 0.5066666666666667
1.0 0.479
1.0 0.45966666666666667
1.0 0.43866666666666665
1.0 0.422
1.0 0.4043333333333333
1.0 0.386
1.0 0.3606666666666667
1.0 0.341
1.0 0.321
1.0 0.3006666666666667
0.9996666666666667 0.2833333333333333
0.9996666666666667 0.2663333333333333
0.9996666666666667 0.25166666666666665
0.9996666666666667 0.24
0.9996666666666667 0.22166666666666668
0.9996666666666667 0.206
0.9996666666666667 0.191
0.9996666666666667 0.179
0.9993333333333333 0.16633333333333333
0.9993333333333333 0.156
0.999 0.14533333333333334
0.999 0.134
0.999 0.12533333333333332
0.9986666666666667 0.118
0.9986666666666667 0.10966666666666666
0.9986666666666667 0.10033333333333333
0.9986666666666667 0.092
0.9986666666666667 0.08533333333333333
0.9986666666666667 0.07833333333333334
0.9986666666666667 0.073
0.9986666666666667 0.066
0.9983333333333333 0.058666666666666666
0.9983333333333333 0.05433333333333333
0.9983333333333333 0.050666666666666665
0.9983333333333333 0.048
0.9983333333333333 0.042666666666666665
0.9983333333333333 0.03966666666666667
0.9983333333333333 0.03666666666666667
0.9983333333333333 0.03266666666666666
0.9983333333333333 0.030666666666666665
0.9983333333333333 0.027666666666666666
0.998 0.025666666666666667
0.998 0.023
0.9976666666666667 0.021
0.9973333333333333 0.019333333333333334
0.9973333333333333 0.017333333333333333
0.9973333333333333 0.01633333333333333
0.997 0.014666666666666666
0.997 0.013666666666666667
0.9966666666666667 0.013333333333333334
0.9966666666666667 0.012
0.9966666666666667 0.010666666666666666
0.9963333333333333 0.009666666666666667
0.9963333333333333 0.008333333333333333
0.9963333333333333 0.007666666666666666
0.996 0.006666666666666667
0.996 0.005333333333333333
0.996 0.005333333333333333
0.9956666666666667 0.004333333333333333
0.9956666666666667 0.004333333333333333
0.995 0.004
0.9946666666666667 0.0036666666666666666
0.9946666666666667 0.0033333333333333335
0.9943333333333333 0.003
0.9936666666666667 0.0023333333333333335
0.9926666666666667 0.002
0.9926666666666667 0.002
0.992 0.0013333333333333333
0.9916666666666667 0.0013333333333333333
0.9906666666666667 0.0013333333333333333
0.9896666666666667 0.0006666666666666666
0.988 0.0006666666666666666
0.9876666666666667 0.0006666666666666666
0.986 0.0006666666666666666
0.9853333333333333 0.0006666666666666666
0.9833333333333333 0.0006666666666666666
0.9826666666666667 0.0006666666666666666
0.9816666666666667 0.0006666666666666666
0.98 0.0006666666666666666
0.979 0.0006666666666666666
0.977 0.0006666666666666666
0.9733333333333334 0.0006666666666666666
0.9723333333333334 0.0006666666666666666
0.9706666666666667 0.0006666666666666666
0.9686666666666667 0.0006666666666666666
0.9666666666666667 0.0006666666666666666
0.9656666666666667 0.0006666666666666666
0.9636666666666667 0.0006666666666666666
0.962 0.0006666666666666666
0.96 0.0003333333333333333
0.9583333333333334 0.0003333333333333333
0.9556666666666667 0.0003333333333333333
0.953 0.0003333333333333333
0.9506666666666667 0.0003333333333333333
0.9476666666666667 0.0
0.945 0.0
0.9416666666666667 0.0
0.939 0.0
0.9346666666666666 0.0
0.9296666666666666 0.0
0.9256666666666666 0.0
0.9206666666666666 0.0
0.918 0.0
0.9106666666666666 0.0
0.9053333333333333 0.0
0.8996666666666666 0.0
0.8956666666666667 0.0
0.891 0.0
0.8853333333333333 0.0
0.879 0.0
0.8696666666666667 0.0
0.8626666666666667 0.0
0.8536666666666667 0.0
0.8453333333333334 0.0
0.8376666666666667 0.0
0.8313333333333334 0.0
0.8213333333333334 0.0
0.8103333333333333 0.0
0.797 0.0
0.7873333333333333 0.0
0.775 0.0
0.758 0.0
0.7473333333333333 0.0
0.736 0.0
0.725 0.0
0.7136666666666667 0.0
0.7 0.0
0.68 0.0
0.664 0.0
0.6473333333333333 0.0
0.629 0.0
0.619 0.0
0.6046666666666667 0.0
0.589 0.0
0.5703333333333334 0.0
0.5526666666666666 0.0
0.5373333333333333 0.0
0.5176666666666667 0.0
0.5016666666666667 0.0
0.4816666666666667 0.0
0.4663333333333333 0.0
0.448 0.0
0.431 0.0
0.412 0.0
0.39266666666666666 0.0
0.37533333333333335 0.0
0.356 0.0
0.33566666666666667 0.0
0.31533333333333335 0.0
0.2966666666666667 0.0
0.279 0.0
0.262 0.0
0.24333333333333335 0.0
0.227 0.0
0.20533333333333334 0.0
0.191 0.0
0.17333333333333334 0.0
0.16166666666666665 0.0
0.14866666666666667 0.0
0.13733333333333334 0.0
0.12366666666666666 0.0
0.11433333333333333 0.0
0.10233333333333333 0.0
0.09133333333333334 0.0
0.07933333333333334 0.0
0.07066666666666667 0.0
0.06333333333333334 0.0
0.056666666666666664 0.0
0.052 0.0
0.04633333333333333 0.0
0.04066666666666666 0.0
0.033666666666666664 0.0
0.028333333333333332 0.0
0.024333333333333332 0.0
0.021666666666666667 0.0
0.019333333333333334 0.0
0.017666666666666667 0.0
0.014333333333333333 0.0
0.012333333333333333 0.0
0.010333333333333333 0.0
0.008 0.0
0.005666666666666667 0.0
0.004666666666666667 0.0
0.0033333333333333335 0.0
0.0023333333333333335 0.0
0.0016666666666666668 0.0
0.0013333333333333333 0.0
0.0013333333333333333 0.0
0.0013333333333333333 0.0
0.001 0.0
0.0006666666666666666 0.0
0.0003333333333333333 0.0
0.0 0.0
0.0 0.0
0.0 0.0
0.0 0.0
0.0 0.0
0.0 0.0