1.0 1.0 0.0 0.0
1.0 1.0 0.0 0.0
1.0 1.0 0.0 0.0
1.0 1.0 0.0 0.0
1.0 1.0 0.0 0.0
1.0 1.0 0.0 0.0
1.0 1.0 0.0 0.0
1.0 1.0 0.0 0.0
1.0 1.0 0.0 0.0
1.0 1.0 0.0 0.0
1.0 1.0 0.0 0.0
1.0 1.0 0.0 0.0
1.0 1.0 0.0 0.0
1.0 1.0 0.0 0.0
1.0 1.0 0.0 0.0
1.0 1.0 0.0 0.0
1.0 1.0 0.0 0.0
1.0 1.0 0.0 0.0
1.0 1.0 0.0 0.0
1.0 1.0 0.0 0.0
1.0 1.0 0.0 0.0
1.0 1.0 0.0 0.0
1.0 1.0 0.0 0.0
1.0 1.0 0.0 0.0
1.0 1.0 0.0 0.0
1.0 1.0 0.0 0.0
1.0 1.0 0.0 0.0
1.0 1.0 0.0 0.0
1.0 1.0 0.0 0.0
1.0 1.0 0.0 0.0
1.0 1.0 0.0 0.0
1.0 1.0 0.0 0.0
1.0 1.0 0.0 0.0
1.0 1.0 0.0 0.0
1.0 1.0 0.0 0.0
1.0 1.0 0.0 0.0
1.0 1.0 0.0 0.0
1.0 1.0 0.0 0.0
1.0 1.0 0.0 0.0
1.0 1.0 0.0 0.0
1.0 1.0 0.0 0.0
1.0 1.0 0.0 0.0
1.0 1.0 0.0 0.0
1.0 1.0 0.0 0.0
1.0 1.0 0.0 0.0
1.0 1.0 0.0 0.0
1.0 1.0 0.0 0.0
1.0 1.0 0.0 0.0
1.0 1.0 0.0 0.0
1.0 1.0 0.0 0.0
1.0 1.0 0.0 0.0
1.0 1.0 0.0 0.0
1.0 1.0 0.0 0.0
1.0 1.0 0.0 0.0
1.0 1.0 0.0 0.0
1.0 1.0 0.0 0.0
1.0 1.0 0.0 0.0
1.0 1.0 0.0 0.0
1.0 1.0 0.0 0.0
1.0 1.0 0.0 0.0
1.0 1.0 0.0 0.0
1.0 1.0 0.0 0.0
1.0 1.0 0.0 0.0
1.0 1.0 0.0 0.0
1.0 1.0 0.0 0.0
1.0 1.0 0.0 0.0
1.0 1.0 0.0 0.0
1.0 1.0 0.0 0.0
1.0 1.0 0.0 0.0
1.0 1.0 0.0 0.0
1.0 1.0 0.0 0.0
1.0 1.0 0.0 0.0
1.0 1.0 0.0 0.0
1.0 1.0 0.0 0.0
1.0 1.0 0.0 0.0
1.0 1.0 0.0 0.0
1.0 1.0 0.0 0.0
1.0 1.0 0.0 0.0
1.0 1.0 0.0 0.0
1.0 1.0 0.0 0.0
1.0 1.0 0.0 0.0
1.0 1.0 0.0 0.0
1.0 1.0 0.0 0.0
1.0 1.0 0.0 0.0
1.0 1.0 0.0 0.0
1.0 1.0 0.0 0.0
1.0 1.0 0.0 0.0
1.0 1.0 0.0 0.0
1.0 1.0 0.0 0.0
1.0 1.0 0.0 0.0
1.0 1.0 0.0 0.0
1.0 1.0 0.0 0.0
1.0 1.0 0.0 0.0
1.0 1.0 0.0 0.0
1.0 1.0 0.0 0.0
1.0 1.0 0.0 0.0
1.0 1.0 0.0 0.0
1.0 1.0 0.0 0.0
1.0 1.0 0.0 0.0
1.0 1.0 0.0 0.0
1.0 1.0 0.0 0.0
1.0 1.0 0.0 0.0
1.0 0.999666666667 0.000333333333333 0.0
1.0 0.999666666667 0.000333333333333 0.0
1.0 0.999666666667 0.000333333333333 0.0
1.0 0.999666666667 0.000333333333333 0.0
1.0 0.999666666667 0.000333333333333 0.0
1.0 0.999666666667 0.000333333333333 0.0
1.0 0.999666666667 0.000333333333333 0.0
1.0 0.999666666667 0.000333333333333 0.0
1.0 0.999333333333 0.000666666666667 0.0
1.0 0.999333333333 0.000666666666667 0.0
1.0 0.999333333333 0.000666666666667 0.0
1.0 0.999333333333 0.000666666666667 0.0
1.0 0.999 0.001 0.0
1.0 0.999 0.001 0.0
1.0 0.999 0.001 0.0
1.0 0.999 0.001 0.0
1.0 0.999 0.001 0.0
1.0 0.999 0.001 0.0
1.0 0.999 0.001 0.0
1.0 0.998666666667 0.00133333333333 0.0
1.0 0.998666666667 0.00133333333333 0.0
1.0 0.998666666667 0.00133333333333 0.0
1.0 0.998666666667 0.00133333333333 0.0
1.0 0.998666666667 0.00133333333333 0.0
1.0 0.998666666667 0.00133333333333 0.0
1.0 0.998333333333 0.00166666666667 0.0
1.0 0.997333333333 0.00266666666667 0.0
1.0 0.997333333333 0.00266666666667 0.0
1.0 0.997333333333 0.00266666666667 0.0
1.0 0.996666666667 0.00333333333333 0.0
1.0 0.996666666667 0.00333333333333 0.0
1.0 0.996333333333 0.00366666666667 0.0
1.0 0.995666666667 0.00433333333333 0.0
1.0 0.995666666667 0.00433333333333 0.0
1.0 0.995666666667 0.00433333333333 0.0
1.0 0.995 0.005 0.0
1.0 0.995 0.005 0.0
1.0 0.994333333333 0.00566666666667 0.0
1.0 0.993666666667 0.00633333333333 0.0
1.0 0.993 0.007 0.0
1.0 0.992666666667 0.00733333333333 0.0
1.0 0.992 0.008 0.0
1.0 0.991333333333 0.00866666666667 0.0
1.0 0.989666666667 0.0103333333333 0.0
1.0 0.988666666667 0.0113333333333 0.0
1.0 0.987333333333 0.0126666666667 0.0
1.0 0.984666666667 0.0153333333333 0.0
1.0 0.981666666667 0.0183333333333 0.0
1.0 0.979 0.021 0.0
1.0 0.977 0.023 0.0
1.0 0.974666666667 0.0253333333333 0.0
1.0 0.971 0.029 0.0
1.0 0.967666666667 0.0323333333333 0.0
1.0 0.965666666667 0.0343333333333 0.0
1.0 0.962 0.038 0.0
1.0 0.959 0.041 0.0
1.0 0.953333333333 0.0466666666667 0.0
1.0 0.948333333333 0.0516666666667 0.0
1.0 0.944333333333 0.0556666666667 0.0
1.0 0.941333333333 0.0586666666667 0.0
1.0 0.938333333333 0.0616666666667 0.0
1.0 0.932333333333 0.0676666666667 0.0
1.0 0.925666666667 0.0743333333333 0.0
1.0 0.919 0.081 0.0
1.0 0.913 0.087 0.0
1.0 0.906 0.094 0.0
1.0 0.899 0.101 0.0
1.0 0.895666666667 0.104333333333 0.0
1.0 0.883666666667 0.116333333333 0.0
1.0 0.872333333333 0.127666666667 0.0
1.0 0.862 0.138 0.0
1.0 0.855333333333 0.144666666667 0.0
1.0 0.849666666667 0.150333333333 0.0
1.0 0.838333333333 0.161666666667 0.0
1.0 0.827 0.173 0.0
1.0 0.816 0.184 0.0
1.0 0.805333333333 0.194666666667 0.0
1.0 0.796666666667 0.203333333333 0.0
1.0 0.786666666667 0.213333333333 0.0
1.0 0.775666666667 0.224333333333 0.0
1.0 0.765666666667 0.234333333333 0.0
1.0 0.755 0.245 0.0
1.0 0.742 0.258 0.0
1.0 0.732333333333 0.267666666667 0.0
1.0 0.722666666667 0.277333333333 0.0
1.0 0.709 0.291 0.0
1.0 0.698 0.302 0.0
1.0 0.685333333333 0.314666666667 0.0
1.0 0.673333333333 0.326666666667 0.0
1.0 0.659666666667 0.340333333333 0.0
1.0 0.645333333333 0.354666666667 0.0
1.0 0.631333333333 0.368666666667 0.0
1.0 0.615333333333 0.384666666667 0.0
1.0 0.601666666667 0.398333333333 0.0
1.0 0.588 0.412 0.0
1.0 0.576333333333 0.423666666667 0.0
1.0 0.56 0.44 0.0
1.0 0.547333333333 0.452666666667 0.0
1.0 0.530666666667 0.469333333333 0.0
1.0 0.516666666667 0.483333333333 0.0
1.0 0.503666666667 0.496333333333 0.0
1.0 0.487666666667 0.512333333333 0.0
1.0 0.474666666667 0.525333333333 0.0
1.0 0.460333333333 0.539666666667 0.0
1.0 0.447333333333 0.552666666667 0.0
1.0 0.435 0.565 0.0
1.0 0.421666666667 0.578333333333 0.0
1.0 0.408666666667 0.591333333333 0.0
1.0 0.394333333333 0.605666666667 0.0
1.0 0.382 0.618 0.0
1.0 0.369666666667 0.630333333333 0.0
1.0 0.357666666667 0.642333333333 0.0
1.0 0.347666666667 0.652333333333 0.0
1.0 0.335333333333 0.664666666667 0.0
1.0 0.321 0.679 0.0
1.0 0.313666666667 0.686333333333 0.0
1.0 0.296333333333 0.703666666667 0.0
1.0 0.286 0.714 0.0
1.0 0.276333333333 0.723666666667 0.0
1.0 0.266 0.734 0.0
1.0 0.250666666667 0.749333333333 0.0
1.0 0.238333333333 0.761666666667 0.0
0.999666666667 0.224333333333 0.775666666667 0.000333333333333
0.999666666667 0.215 0.785 0.000333333333333
0.999666666667 0.206 0.794 0.000333333333333
0.999666666667 0.195666666667 0.804333333333 0.000333333333333
0.999666666667 0.188 0.812 0.000333333333333
0.999333333333 0.180666666667 0.819333333333 0.000666666666667
0.999333333333 0.172 0.828 0.000666666666667
0.999333333333 0.166 0.834 0.000666666666667
0.999333333333 0.155666666667 0.844333333333 0.000666666666667
0.999333333333 0.149666666667 0.850333333333 0.000666666666667
0.999333333333 0.139 0.861 0.000666666666667
0.999333333333 0.131 0.869 0.000666666666667
0.999333333333 0.126 0.874 0.000666666666667
0.999333333333 0.12 0.88 0.000666666666667
0.999333333333 0.112 0.888 0.000666666666667
0.999333333333 0.101333333333 0.898666666667 0.000666666666667
0.999333333333 0.0943333333333 0.905666666667 0.000666666666667
0.999333333333 0.088 0.912 0.000666666666667
0.999333333333 0.0803333333333 0.919666666667 0.000666666666667
0.999333333333 0.0746666666667 0.925333333333 0.000666666666667
0.999333333333 0.0713333333333 0.928666666667 0.000666666666667
0.999 0.0673333333333 0.932666666667 0.001
0.999 0.0626666666667 0.937333333333 0.001
0.998666666667 0.057 0.943 0.00133333333333
0.998666666667 0.0546666666667 0.945333333333 0.00133333333333
0.998666666667 0.05 0.95 0.00133333333333
0.998333333333 0.0463333333333 0.953666666667 0.00166666666667
0.998333333333 0.04 0.96 0.00166666666667
0.998 0.038 0.962 0.002
0.998 0.0363333333333 0.963666666667 0.002
0.998 0.033 0.967 0.002
0.998 0.0296666666667 0.970333333333 0.002
0.997666666667 0.027 0.973 0.00233333333333
0.997 0.0266666666667 0.973333333333 0.003
0.996666666667 0.025 0.975 0.00333333333333
0.996 0.0246666666667 0.975333333333 0.004
0.996 0.021 0.979 0.004
0.996 0.0196666666667 0.980333333333 0.004
0.996 0.0183333333333 0.981666666667 0.004
0.996 0.017 0.983 0.004
0.995333333333 0.017 0.983 0.00466666666667
0.995333333333 0.016 0.984 0.00466666666667
0.995333333333 0.0153333333333 0.984666666667 0.00466666666667
0.995 0.015 0.985 0.005
0.994666666667 0.0143333333333 0.985666666667 0.00533333333333
0.994 0.0136666666667 0.986333333333 0.006
0.993666666667 0.011 0.989 0.00633333333333
0.993333333333 0.0103333333333 0.989666666667 0.00666666666667
0.993333333333 0.00866666666667 0.991333333333 0.00666666666667
0.992666666667 0.00733333333333 0.992666666667 0.00733333333333
0.992333333333 0.007 0.993 0.00766666666667
0.992 0.00666666666667 0.993333333333 0.008
0.991666666667 0.006 0.994 0.00833333333333
0.990666666667 0.00566666666667 0.994333333333 0.00933333333333
0.990666666667 0.00533333333333 0.994666666667 0.00933333333333
0.990333333333 0.00533333333333 0.994666666667 0.00966666666667
0.99 0.005 0.995 0.01
0.989666666667 0.00466666666667 0.995333333333 0.0103333333333
0.989333333333 0.00433333333333 0.995666666667 0.0106666666667
0.988666666667 0.00366666666667 0.996333333333 0.0113333333333
0.988 0.003 0.997 0.012
0.987333333333 0.003 0.997 0.0126666666667
0.985333333333 0.003 0.997 0.0146666666667
0.984333333333 0.00266666666667 0.997333333333 0.0156666666667
0.983333333333 0.00266666666667 0.997333333333 0.0166666666667
0.982333333333 0.002 0.998 0.0176666666667
0.981333333333 0.002 0.998 0.0186666666667
0.980333333333 0.00166666666667 0.998333333333 0.0196666666667
0.979 0.00133333333333 0.998666666667 0.021
0.977666666667 0.00133333333333 0.998666666667 0.0223333333333
0.976333333333 0.00133333333333 0.998666666667 0.0236666666667
0.975 0.001 0.999 0.025
0.975 0.001 0.999 0.025
0.973666666667 0.000666666666667 0.999333333333 0.0263333333333
0.972666666667 0.000666666666667 0.999333333333 0.0273333333333
0.97 0.000666666666667 0.999333333333 0.03
0.968333333333 0.000666666666667 0.999333333333 0.0316666666667
0.966666666667 0.000666666666667 0.999333333333 0.0333333333333
0.965666666667 0.000666666666667 0.999333333333 0.0343333333333
0.962666666667 0.000666666666667 0.999333333333 0.0373333333333
0.962 0.000666666666667 0.999333333333 0.038
0.959 0.000666666666667 0.999333333333 0.041
0.956333333333 0.000333333333333 0.999666666667 0.0436666666667
0.953666666667 0.000333333333333 0.999666666667 0.0463333333333
0.952333333333 0.000333333333333 0.999666666667 0.0476666666667
0.950666666667 0.000333333333333 0.999666666667 0.0493333333333
0.947333333333 0.000333333333333 0.999666666667 0.0526666666667
0.943666666667 0.000333333333333 0.999666666667 0.0563333333333
0.939666666667 0.000333333333333 0.999666666667 0.0603333333333
0.935 0.000333333333333 0.999666666667 0.065
0.930333333333 0.000333333333333 0.999666666667 0.0696666666667
0.925333333333 0.000333333333333 0.999666666667 0.0746666666667
0.920333333333 0.000333333333333 0.999666666667 0.0796666666667
0.915666666667 0.000333333333333 0.999666666667 0.0843333333333
0.909 0.000333333333333 0.999666666667 0.091
0.902333333333 0.000333333333333 0.999666666667 0.0976666666667
0.897 0.000333333333333 0.999666666667 0.103
0.89 0.000333333333333 0.999666666667 0.11
0.885333333333 0.000333333333333 0.999666666667 0.114666666667
0.879 0.000333333333333 0.999666666667 0.121
0.871666666667 0.000333333333333 0.999666666667 0.128333333333
0.865 0.0 1.0 0.135
0.856 0.0 1.0 0.144
0.851333333333 0.0 1.0 0.148666666667
0.843666666667 0.0 1.0 0.156333333333
0.833333333333 0.0 1.0 0.166666666667
0.824333333333 0.0 1.0 0.175666666667
0.819666666667 0.0 1.0 0.180333333333
0.808333333333 0.0 1.0 0.191666666667
0.797333333333 0.0 1.0 0.202666666667
0.788333333333 0.0 1.0 0.211666666667
0.780333333333 0.0 1.0 0.219666666667
0.769 0.0 1.0 0.231
0.761666666667 0.0 1.0 0.238333333333
0.748 0.0 1.0 0.252
0.733 0.0 1.0 0.267
0.717333333333 0.0 1.0 0.282666666667
0.704666666667 0.0 1.0 0.295333333333
0.686333333333 0.0 1.0 0.313666666667
0.672333333333 0.0 1.0 0.327666666667
0.656666666667 0.0 1.0 0.343333333333
0.643666666667 0.0 1.0 0.356333333333
0.627 0.0 1.0 0.373
0.608333333333 0.0 1.0 0.391666666667
0.593333333333 0.0 1.0 0.406666666667
0.579 0.0 1.0 0.421
0.562 0.0 1.0 0.438
0.544666666667 0.0 1.0 0.455333333333
0.524666666667 0.0 1.0 0.475333333333
0.505 0.0 1.0 0.495
0.492333333333 0.0 1.0 0.507666666667
0.470333333333 0.0 1.0 0.529666666667
0.451666666667 0.0 1.0 0.548333333333
0.433666666667 0.0 1.0 0.566333333333
0.414666666667 0.0 1.0 0.585333333333
0.392333333333 0.0 1.0 0.607666666667
0.369666666667 0.0 1.0 0.630333333333
0.345333333333 0.0 1.0 0.654666666667
0.324333333333 0.0 1.0 0.675666666667
0.304666666667 0.0 1.0 0.695333333333
0.286 0.0 1.0 0.714
0.269 0.0 1.0 0.731
0.25 0.0 1.0 0.75
0.229666666667 0.0 1.0 0.770333333333
0.208666666667 0.0 1.0 0.791333333333
0.189 0.0 1.0 0.811
0.177333333333 0.0 1.0 0.822666666667
0.160666666667 0.0 1.0 0.839333333333
0.141333333333 0.0 1.0 0.858666666667
0.125666666667 0.0 1.0 0.874333333333
0.114333333333 0.0 1.0 0.885666666667
0.101333333333 0.0 1.0 0.898666666667
0.0876666666667 0.0 1.0 0.912333333333
0.078 0.0 1.0 0.922
0.0656666666667 0.0 1.0 0.934333333333
0.0533333333333 0.0 1.0 0.946666666667
0.0446666666667 0.0 1.0 0.955333333333
0.037 0.0 1.0 0.963
0.0293333333333 0.0 1.0 0.970666666667
0.025 0.0 1.0 0.975
0.0193333333333 0.0 1.0 0.980666666667
0.015 0.0 1.0 0.985
0.0106666666667 0.0 1.0 0.989333333333
0.009 0.0 1.0 0.991
0.00633333333333 0.0 1.0 0.993666666667
0.00366666666667 0.0 1.0 0.996333333333
0.003 0.0 1.0 0.997
0.00233333333333 0.0 1.0 0.997666666667
0.00133333333333 0.0 1.0 0.998666666667
0.001 0.0 1.0 0.999
0.000333333333333 0.0 1.0 0.999666666667
0.0 0.0 1.0 1.0
0.0 0.0 1.0 1.0
0.0 0.0 1.0 1.0
0.0 0.0 1.0 1.0
0.0 0.0 1.0 1.0
