1.0 1.0
1.0 1.0
1.0 1.0
1.0 1.0
1.0 1.0
1.0 1.0
1.0 1.0
1.0 1.0
1.0 1.0
1.0 1.0
1.0 1.0
1.0 1.0
1.0 1.0
1.0 1.0
1.0 1.0
1.0 1.0
1.0 1.0
1.0 1.0
1.0 1.0
1.0 1.0
1.0 1.0
1.0 1.0
1.0 1.0
1.0 1.0
1.0 1.0
1.0 1.0
1.0 1.0
1.0 1.0
1.0 1.0
1.0 1.0
1.0 1.0
1.0 1.0
1.0 1.0
1.0 1.0
1.0 1.0
1.0 1.0
1.0 1.0
1.0 1.0
1.0 1.0
1.0 1.0
1.0 1.0
1.0 1.0
1.0 1.0
1.0 1.0
1.0 1.0
1.0 1.0
1.0 1.0
1.0 1.0
1.0 1.0
1.0 1.0
1.0 1.0
1.0 1.0
1.0 1.0
1.0 1.0
1.0 1.0
1.0 1.0
1.0 1.0
1.0 1.0
1.0 1.0
1.0 1.0
1.0 1.0
1.0 1.0
1.0 1.0
1.0 1.0
1.0 1.0
1.0 1.0
1.0 1.0
1.0 1.0
1.0 1.0
1.0 1.0
1.0 1.0
1.0 1.0
1.0 1.0
1.0 1.0
1.0 1.0
1.0 1.0
1.0 1.0
1.0 1.0
1.0 1.0
1.0 1.0
1.0 1.0
1.0 1.0
1.0 1.0
1.0 1.0
1.0 1.0
1.0 1.0
1.0 1.0
1.0 1.0
1.0 1.0
1.0 1.0
1.0 1.0
1.0 1.0
1.0 1.0
1.0 1.0
1.0 1.0
1.0 1.0
1.0 1.0
1.0 1.0
1.0 1.0
1.0 1.0
1.0 1.0
1.0 1.0
1.0 1.0
1.0 1.0
1.0 1.0
1.0 1.0
1.0 1.0
1.0 1.0
1.0 1.0
1.0 1.0
1.0 1.0
1.0 1.0
1.0 0.999663299663
1.0 0.999663299663
1.0 0.999663299663
1.0 0.999325461825
1.0 0.999325461825
1.0 0.999325461825
1.0 0.999325461825
1.0 0.999325461825
1.0 0.999325461825
1.0 0.998991013665
1.0 0.998991013665
1.0 0.998991013665
1.0 0.998991013665
1.0 0.998991013665
1.0 0.998991013665
1.0 0.998991013665
1.0 0.998653175827
1.0 0.998653175827
1.0 0.998653175827
1.0 0.998653175827
1.0 0.998653175827
1.0 0.998653175827
1.0 0.99798202733
1.0 0.99798202733
1.0 0.997645326993
1.0 0.996971918686
1.0 0.995959542673
1.0 0.995623972203
1.0 0.994950563896
1.0 0.993943844929
1.0 0.993270436621
1.0 0.992260327977
1.0 0.991584644589
1.0 0.99057791043
1.0 0.990238927379
1.0 0.988215305144
1.0 0.985858379807
1.0 0.985188361176
1.0 0.984513823002
1.0 0.982155744817
1.0 0.98114902585
1.0 0.979803339178
1.0 0.977446368111
0.99966442953 0.976101826498
0.99966442953 0.974084968349
0.99966442953 0.973077111881
0.99932998137 0.968363207919
0.99932998137 0.965669536515
0.99932998137 0.963312611332
0.99932998137 0.957916259897
0.99932998137 0.951525664146
0.998993281033 0.948157469913
0.998993281033 0.943104583132
0.998993281033 0.939400803084
0.998658832872 0.934689181914
0.998658832872 0.929978728783
0.998658832872 0.924602746182
0.998658832872 0.922245775115
0.998658832872 0.91653196979
0.998324384712 0.912833900229
0.998324384712 0.907112147589
0.997989936551 0.901049159721
0.997989936551 0.894991859437
0.997655488391 0.888587643822
0.997655488391 0.879836709999
0.99732104023 0.871094769918
0.99732104023 0.864709816096
0.99732104023 0.857312486185
0.99732104023 0.848224875082
0.99732104023 0.837132834904
0.99732104023 0.830076686778
0.996984339894 0.820657963905
0.996984339894 0.812581507487
0.996984339894 0.802489414401
0.996984339894 0.793397253447
0.996649891733 0.778584408334
0.996649891733 0.767814334031
0.996649891733 0.757716507478
0.996649891733 0.749293181615
0.995977605735 0.737850805736
0.995642035265 0.728771088663
0.995642035265 0.716657594903
0.995307587104 0.706223068013
0.995307587104 0.690726630291
0.994638690783 0.672215738752
0.994638690783 0.657053825613
0.994638690783 0.640223084176
0.994304242623 0.627783120342
0.994304242623 0.612982742552
0.994304242623 0.600868141983
0.994304242623 0.588744464154
0.994304242623 0.574947423058
0.993300890659 0.561479165675
0.992628619853 0.548685446311
0.992295286519 0.536577525848
0.992295286519 0.523788318317
0.992295286519 0.507985802104
0.992295286519 0.494533446989
0.991625267889 0.480070990555
0.990954096718 0.466617428919
0.990954096718 0.456530993033
0.990286315224 0.441729569048
0.990286315224 0.426594773405
0.989948477386 0.413150342704
0.989610639548 0.398346628293
0.989276191388 0.383884118494
0.989276191388 0.367076013259
0.989276191388 0.356634737398
0.989276191388 0.345872633316
0.989276191388 0.331401076795
0.988941743227 0.320967710465
0.988941743227 0.30918189353
0.98860504289 0.295392769521
0.98860504289 0.285978581539
0.98860504289 0.273193962262
0.98860504289 0.26006687872
0.987599438751 0.250643651495
0.987599438751 0.242218020091
0.987263868281 0.231450251329
0.987263868281 0.22169594264
0.985915929433 0.212282892081
0.985245910803 0.203535325262
0.985245910803 0.192769747755
0.984910340333 0.183696779652
0.984910340333 0.176628217722
0.984236932025 0.16991215213
0.984236932025 0.1604911541
0.984236932025 0.153429394505
0.984236932025 0.144680621473
0.983563531352 0.135931963037
0.983563531352 0.130545788269
0.983563531352 0.123146145106
0.983227960882 0.11708881436
0.983227960882 0.111034903599
0.982554560208 0.105306340988
0.981885663887 0.0979044760329
0.981885663887 0.0958831059736
0.980883434233 0.0925228210405
0.979875585399 0.0894970146517
0.979875585399 0.0817595946503
0.979202184726 0.0756988894192
0.979202184726 0.0716640966953
0.978865484389 0.0676224788093
0.977858750382 0.063919859166
0.977523179912 0.0585370741525
0.97617635574 0.0545011590417
0.975504069741 0.0504651830092
0.975169621581 0.0467636856752
0.975169621581 0.0437390167876
0.974162887574 0.0400307018491
0.973829554241 0.0376760134961
0.973159520571 0.0356546511487
0.972822820234 0.0332976954277
0.970813841456 0.0289261565596
0.969803732812 0.0262291106704
0.96846139047 0.0245478535288
0.968128057136 0.0235366150176
0.965776773807 0.0232010445478
0.963764435508 0.020506258469
0.963093287011 0.0184905226289
0.962419886337 0.0151302605219
0.961747615531 0.0147935601852
0.958725176222 0.0144568598485
0.957716205079 0.0127778625173
0.956369380906 0.0124400246795
0.956369380906 0.0121021868416
0.955362639265 0.00975087297412
0.954013562916 0.00907518958657
0.953001186904 0.00840404864697
0.951994452897 0.0073950623119
0.950312065888 0.0073950623119
0.948298597723 0.0070583619752
0.947291878756 0.00672052413736
0.944272806298 0.00672052413736
0.942592679023 0.00571492747959
0.940914804077 0.00538047931906
0.938226790255 0.00538047931906
0.936881118775 0.00538047931906
0.934195387285 0.00538047931906
0.929827261304 0.00504264148122
0.925452355969 0.00504264148122
0.9224355208 0.00403140296998
0.916722830456 0.00369470263328
0.911351337472 0.00369470263328
0.908328905721 0.00335800229658
0.904631943277 0.00302130195988
0.900930453655 0.00268685379934
0.897901242397 0.00268685379934
0.893529749565 0.00235015346264
0.886812569604 0.00134230462871
0.882106613343 0.00134230462871
0.878740694191 0.00134230462871
0.872024719905 0.00100446679087
0.86632101582 0.00066889632107
0.861291887776 0.00066889632107
0.855576982969 0.000334448160535
0.850535448604 0.000334448160535
0.844492837278 0.000334448160535
0.838111205037 0.0
0.829380549657 0.0
0.821988861906 0.0
0.814601670873 0.0
0.806537659334 0.0
0.800824961509 0.0
0.79309771848 0.0
0.785038219079 0.0
0.77597654293 0.0
0.76556241587 0.0
0.755137027853 0.0
0.746061755128 0.0
0.733967478195 0.0
0.719876628425 0.0
0.707787955404 0.0
0.692987616476 0.0
0.67887195437 0.0
0.669466776007 0.0
0.658040197279 0.0
0.647623825448 0.0
0.636196184951 0.0
0.625786501779 0.0
0.616393789819 0.0
0.605974013347 0.0
0.593198411176 0.0
0.583115350157 0.0
0.568669789666 0.0
0.555218557243 0.0
0.539772989118 0.0
0.524996377703 0.0
0.505500251317 0.0
0.490397040575 0.0
0.469908770201 0.0
0.454131006396 0.0
0.436319534845 0.0
0.422216264019 0.0
0.405754953184 0.0
0.387270058056 0.0
0.371807640026 0.0
0.356029966917 0.0
0.338215097825 0.0
0.322754879142 0.0
0.310665144427 0.0
0.297905390929 0.0
0.281462143002 0.0
0.264002060135 0.0
0.248208553238 0.0
0.23947119393 0.0
0.227723740943 0.0
0.216311858501 0.0
0.200183865349 0.0
0.18606829409 0.0
0.170297332467 0.0
0.16290790445 0.0
0.152841708756 0.0
0.139735101159 0.0
0.130326510521 0.0
0.118895487904 0.0
0.10983155973 0.0
0.100421869001 0.0
0.0899998174514 0.0
0.0809392484947 0.0
0.0742232439771 0.0
0.0661738908577 0.0
0.0570941591286 0.0
0.0493635113828 0.0
0.0413051418489 0.0
0.0335801585539 0.0
0.0285555046304 0.0
0.0258630089775 0.0
0.0221671613611 0.0
0.0184769480404 0.0
0.0141099821583 0.0
0.0110898025832 0.0
0.00840068156803 0.0
0.00605167316416 0.0
0.00605167316416 0.0
0.00470710131959 0.0
0.00369586280835 0.0
0.00268912116738 0.0
0.00201683516901 0.0
0.00100784883394 0.0
0.000673400673401 0.0
0.000673400673401 0.0
0.0003367003367 0.0
0.0003367003367 0.0
0.0 0.0
0.0 0.0
0.0 0.0
0.0 0.0
